0 0.026562 0.396875 0.050000 0.100000
1 0.028906 0.310937 0.054688 0.084375
0 0.012500 0.246875 0.021875 0.087500
0 0.032031 0.225781 0.060937 0.089063
1 0.034375 0.134375 0.065625 0.090625
1 0.101562 0.942969 0.087500 0.082812
0 0.022656 0.769531 0.042188 0.079687
0 0.001563 0.753125 0.000000 0.090625
1 0.174219 0.915625 0.064062 0.075000
1 0.161719 0.255469 0.085938 0.095312
0 0.262500 0.170313 0.071875 0.068750
0 0.290625 0.262500 0.075000 0.075000
1 0.296875 0.301563 0.075000 0.071875
1 0.235156 0.284375 0.073438 0.078125
1 0.196875 0.311719 0.093750 0.073438
1 0.128125 0.306250 0.078125 0.075000
0 0.631250 0.164062 0.096875 0.078125
0 0.604688 0.228125 0.075000 0.078125
1 0.667188 0.259375 0.090625 0.087500
1 0.917969 0.153906 0.079687 0.089063
1 0.839844 0.159375 0.073438 0.087500
0 0.615625 0.505469 0.096875 0.104688
0 0.679688 0.544531 0.093750 0.092188
0 0.607812 0.576562 0.084375 0.090625
0 0.321094 0.655469 0.067187 0.057813
1 0.135937 0.967187 0.062500 0.056250
1 0.037500 0.959375 0.046875 0.065625
0 0.714844 0.972656 0.029687 0.051562
0 0.749219 0.978906 0.045312 0.039062
0 0.239063 0.114062 0.065625 0.043750
0 0.321094 0.211719 0.073438 0.076563
0 0.058594 0.463281 0.057813 0.045312
