1 0.089844 0.156250 0.079687 0.084375
1 0.444531 0.237500 0.057813 0.053125
0 0.459375 0.293750 0.056250 0.062500
1 0.402344 0.308594 0.092188 0.089063
1 0.519531 0.582031 0.089063 0.089063
1 0.738281 0.476562 0.082812 0.078125
1 0.818750 0.582812 0.065625 0.081250
1 0.839844 0.660156 0.045312 0.079687
1 0.901563 0.656250 0.100000 0.112500
1 0.826562 0.032813 0.090625 0.062500
1 0.985156 0.978906 0.026562 0.042188
1 0.980469 0.813281 0.039062 0.098437
1 0.935156 0.828906 0.092188 0.098437
1 0.779687 0.860938 0.075000 0.075000
1 0.789062 0.957031 0.071875 0.051562
1 0.622656 0.880469 0.073438 0.057813
1 0.617188 0.967969 0.090625 0.060937
1 0.514844 0.901563 0.073438 0.109375
1 0.481250 0.960938 0.090625 0.071875
1 0.210938 0.825000 0.100000 0.090625
1 0.178125 0.954688 0.090625 0.084375
