0 0.824219 0.090625 0.070312 0.062500
1 0.950000 0.050000 0.059375 0.050000
0 0.912500 0.940625 0.090625 0.093750
0 0.925781 0.979688 0.076563 0.040625
0 0.628125 0.827344 0.071875 0.064062
0 0.598437 0.883594 0.065625 0.064062
0 0.563281 0.907813 0.060937 0.062500
0 0.061719 0.771875 0.070312 0.056250
0 0.025000 0.871875 0.046875 0.075000
0 0.592187 0.342187 0.046875 0.043750
0 0.328906 0.598437 0.067187 0.106250
0 0.271875 0.662500 0.046875 0.068750
1 0.174219 0.643750 0.060937 0.031250
0 0.796094 0.985156 0.089063 0.029687
0 0.729688 0.135156 0.087500 0.089063
