1 0.853125 0.676562 0.053125 0.075000
1 0.792188 0.548438 0.090625 0.087500
1 0.669531 0.586719 0.085938 0.082812
1 0.104688 0.937500 0.090625 0.087500
1 0.034375 0.874219 0.065625 0.082812
1 0.080469 0.613281 0.098437 0.104688
1 0.012500 0.207813 0.021875 0.081250
1 0.205469 0.587500 0.076563 0.068750
1 0.328906 0.530469 0.054688 0.067187
1 0.361719 0.589844 0.092188 0.082812
1 0.644531 0.695312 0.110937 0.081250
1 0.576562 0.757031 0.093750 0.067187
1 0.009375 0.079687 0.015625 0.103125
1 0.436719 0.816406 0.039062 0.064062
1 0.409375 0.804688 0.037500 0.031250
1 0.111719 0.987500 0.076563 0.021875
1 0.710938 0.837500 0.043750 0.046875
