1 0.039062 0.029687 0.075000 0.056250
0 0.937500 0.125000 0.100000 0.068750
0 0.523438 0.101562 0.093750 0.078125
1 0.429688 0.092969 0.078125 0.076563
1 0.620313 0.187500 0.078125 0.075000
0 0.856250 0.537500 0.056250 0.084375
0 0.876563 0.660156 0.056250 0.079687
0 0.538281 0.614062 0.070312 0.087500
1 0.725781 0.785156 0.076563 0.082812
1 0.253906 0.936719 0.070312 0.067187
1 0.249219 0.987500 0.067187 0.025000
1 0.128906 0.489844 0.101562 0.104688
1 0.085938 0.668750 0.065625 0.081250
0 0.208594 0.859375 0.057813 0.068750
1 0.158594 0.749219 0.064062 0.070312
1 0.100781 0.806250 0.048438 0.065625
1 0.342187 0.282813 0.046875 0.053125
0 0.840625 0.023438 0.050000 0.043750
0 0.767188 0.410938 0.056250 0.059375
