1 0.965625 0.989062 0.065625 0.021875
1 0.020313 0.248438 0.037500 0.134375
1 0.621094 0.019531 0.079687 0.035937
1 0.699219 0.046094 0.092188 0.089063
1 0.785937 0.009375 0.096875 0.015625
1 0.849219 0.047656 0.092188 0.092188
1 0.853125 0.207813 0.109375 0.115625
1 0.625781 0.203906 0.085938 0.089063
1 0.651563 0.268750 0.081250 0.078125
1 0.520312 0.282031 0.106250 0.098437
1 0.928906 0.338281 0.104688 0.098437
1 0.475000 0.412500 0.106250 0.109375
1 0.656250 0.571875 0.093750 0.109375
1 0.016406 0.538281 0.029687 0.057813
1 0.147656 0.549219 0.085938 0.085938
1 0.039062 0.760938 0.075000 0.081250
1 0.118750 0.780469 0.062500 0.064062
1 0.071875 0.848437 0.071875 0.071875
1 0.953906 0.571094 0.092188 0.110937
1 0.915625 0.492969 0.087500 0.085938
1 0.831250 0.519531 0.090625 0.082812
1 0.664844 0.828125 0.089063 0.093750
1 0.546094 0.789844 0.092188 0.095312
1 0.575781 0.585938 0.067187 0.081250
1 0.596094 0.905469 0.089063 0.117188
1 0.539062 0.953125 0.106250 0.093750
1 0.471094 0.928125 0.082812 0.090625
1 0.180469 0.672656 0.057813 0.057813
1 0.336719 0.778125 0.098437 0.068750
