1 0.096875 0.957031 0.103125 0.085938
1 0.196875 0.603125 0.118750 0.118750
1 0.377344 0.575781 0.089063 0.089063
0 0.442969 0.407031 0.107813 0.107813
1 0.827344 0.769531 0.082812 0.082812
1 0.871875 0.913281 0.084375 0.082812
1 0.213281 0.308594 0.092188 0.076563
1 0.228125 0.412500 0.071875 0.065625
1 0.434375 0.166406 0.078125 0.085938
0 0.385156 0.107031 0.089063 0.107813
1 0.978906 0.885938 0.042188 0.084375
0 0.955469 0.485156 0.089063 0.107813
0 0.907031 0.425781 0.107813 0.092188
0 0.875000 0.482812 0.100000 0.093750
1 0.959375 0.064844 0.081250 0.092188
1 0.878906 0.641406 0.042188 0.073438
1 0.878906 0.053906 0.054688 0.085938
1 0.252344 0.085156 0.064062 0.051562
0 0.369531 0.757812 0.082812 0.075000
1 0.272656 0.679688 0.045312 0.059375
1 0.653906 0.764062 0.064062 0.053125
1 0.415625 0.965625 0.056250 0.068750
0 0.733594 0.025000 0.054688 0.037500
