1 0.016406 0.381250 0.029687 0.103125
1 0.013281 0.581250 0.023438 0.112500
2 0.037500 0.547656 0.071875 0.051562
1 0.039062 0.259375 0.075000 0.078125
0 0.128125 0.321875 0.081250 0.065625
1 0.256250 0.138281 0.103125 0.110937
1 0.208594 0.184375 0.101562 0.084375
1 0.300781 0.034375 0.107813 0.065625
2 0.092188 0.714844 0.096875 0.095312
0 0.228906 0.729688 0.082812 0.100000
0 0.223438 0.896875 0.090625 0.093750
1 0.134375 0.956250 0.087500 0.084375
1 0.097656 0.916406 0.076563 0.095312
0 0.189844 0.965625 0.070312 0.068750
1 0.517969 0.345313 0.101562 0.109375
1 0.342969 0.823438 0.079687 0.081250
0 0.292187 0.868750 0.053125 0.084375
0 0.255469 0.825000 0.064062 0.075000
1 0.330469 0.978125 0.070312 0.043750
0 0.417969 0.975000 0.104688 0.050000
0 0.739062 0.911719 0.109375 0.110937
1 0.451562 0.022656 0.109375 0.042188
2 0.876563 0.936719 0.100000 0.101562
0 0.828125 0.956250 0.106250 0.087500
1 0.767188 0.015625 0.075000 0.028125
1 0.892969 0.057813 0.051562 0.050000
