1 0.629687 0.024219 0.087500 0.045312
0 0.488281 0.187500 0.089063 0.081250
0 0.435937 0.217969 0.078125 0.067187
1 0.449219 0.282031 0.082812 0.057813
1 0.541406 0.290625 0.070312 0.068750
1 0.694531 0.264844 0.076563 0.060937
1 0.725000 0.342969 0.087500 0.082812
1 0.618750 0.542969 0.087500 0.079687
1 0.506250 0.965625 0.106250 0.065625
1 0.716406 0.860938 0.095312 0.087500
1 0.889062 0.804688 0.093750 0.087500
1 0.145313 0.967187 0.115625 0.065625
1 0.396875 0.771875 0.093750 0.090625
1 0.507812 0.805469 0.090625 0.085938
1 0.982031 0.917969 0.035937 0.057813
