0 0.801562 0.337500 0.084375 0.075000
1 0.703125 0.081250 0.084375 0.059375
1 0.807813 0.165625 0.071875 0.071875
1 0.734375 0.165625 0.053125 0.059375
0 0.391406 0.236719 0.098437 0.095312
1 0.770312 0.607812 0.106250 0.109375
1 0.903125 0.583594 0.087500 0.085938
0 0.920312 0.751563 0.106250 0.096875
0 0.358594 0.778906 0.114062 0.120313
0 0.971094 0.842187 0.057813 0.075000
1 0.200781 0.169531 0.064062 0.035937
1 0.557813 0.024219 0.065625 0.045312
0 0.458594 0.318750 0.070312 0.078125
1 0.443750 0.887500 0.056250 0.037500
