0 0.048438 0.633594 0.093750 0.110937
0 0.040625 0.728125 0.078125 0.084375
0 0.110156 0.693750 0.092188 0.075000
2 0.140625 0.730469 0.093750 0.085938
0 0.208594 0.773438 0.104688 0.112500
0 0.385937 0.875781 0.090625 0.089063
1 0.482031 0.885156 0.089063 0.085938
0 0.478906 0.754687 0.110937 0.100000
0 0.753906 0.821875 0.098437 0.093750
1 0.830469 0.831250 0.073438 0.068750
1 0.833594 0.868750 0.085938 0.078125
1 0.712500 0.871094 0.093750 0.085938
1 0.732031 0.951562 0.089063 0.075000
0 0.836719 0.617188 0.101562 0.096875
0 0.968750 0.679688 0.062500 0.109375
0 0.324219 0.807813 0.085938 0.071875
0 0.547656 0.483594 0.064062 0.051562
1 0.471094 0.498437 0.067187 0.065625
