0 0.932813 0.025000 0.081250 0.046875
0 0.960156 0.050000 0.064062 0.056250
1 0.951562 0.096094 0.056250 0.045312
0 0.225781 0.039062 0.101562 0.075000
1 0.090625 0.085938 0.071875 0.078125
1 0.121094 0.171875 0.092188 0.075000
1 0.017188 0.246094 0.031250 0.070312
0 0.178125 0.299219 0.093750 0.085938
0 0.357031 0.412500 0.079687 0.081250
0 0.984375 0.969531 0.031250 0.035937
0 0.917188 0.788281 0.075000 0.064062
0 0.419531 0.857031 0.054688 0.064062
0 0.800000 0.635938 0.084375 0.081250
1 0.157031 0.567969 0.089063 0.085938
0 0.354687 0.814844 0.065625 0.079687
0 0.330469 0.702344 0.064062 0.054688
1 0.428125 0.720313 0.046875 0.043750
0 0.416406 0.659375 0.073438 0.071875
0 0.430469 0.546875 0.092188 0.078125
0 0.560937 0.624219 0.056250 0.076563
1 0.714063 0.453906 0.062500 0.067187
0 0.683594 0.482812 0.092188 0.084375
1 0.575000 0.160156 0.065625 0.067187
1 0.528906 0.096094 0.073438 0.067187
1 0.433594 0.107031 0.070312 0.064062
0 0.681250 0.243750 0.075000 0.078125
0 0.630469 0.259375 0.045312 0.059375
0 0.776563 0.365625 0.090625 0.071875
0 0.904687 0.364844 0.071875 0.073438
1 0.941406 0.454688 0.082812 0.068750
0 0.114844 0.538281 0.060937 0.035937
1 0.148438 0.919531 0.056250 0.079687
0 0.841406 0.191406 0.032813 0.070312
