1 0.700781 0.036719 0.076563 0.070312
1 0.403906 0.142969 0.082812 0.092188
1 0.300781 0.369531 0.048438 0.054688
1 0.191406 0.653906 0.076563 0.064062
1 0.154688 0.525000 0.071875 0.081250
1 0.067969 0.721094 0.076563 0.079687
1 0.181250 0.867969 0.093750 0.076563
1 0.069531 0.978125 0.076563 0.043750
1 0.612500 0.840625 0.075000 0.078125
1 0.452344 0.816406 0.073438 0.067187
1 0.450000 0.662500 0.071875 0.075000
1 0.678125 0.686719 0.078125 0.079687
1 0.825781 0.768750 0.064062 0.065625
1 0.968750 0.797656 0.062500 0.070312
1 0.964063 0.679688 0.071875 0.078125
1 0.828125 0.573438 0.068750 0.053125
1 0.930469 0.322656 0.070312 0.070312
