0 0.017188 0.450000 0.031250 0.090625
1 0.479687 0.687500 0.081250 0.087500
1 0.532031 0.643750 0.070312 0.062500
0 0.032813 0.335938 0.062500 0.090625
0 0.523438 0.084375 0.093750 0.087500
0 0.554688 0.016406 0.081250 0.029687
0 0.658594 0.093750 0.079687 0.062500
0 0.684375 0.138281 0.075000 0.073438
0 0.934375 0.192188 0.090625 0.087500
0 0.911719 0.257031 0.082812 0.067187
1 0.814844 0.229687 0.082812 0.093750
0 0.732812 0.230469 0.056250 0.060937
1 0.668750 0.298438 0.100000 0.084375
0 0.948438 0.789844 0.103125 0.107813
1 0.750781 0.912500 0.095312 0.087500
1 0.714844 0.981250 0.092188 0.037500
