1 0.758594 0.983594 0.095312 0.032813
1 0.009375 0.039844 0.015625 0.076563
1 0.056250 0.016406 0.075000 0.029687
1 0.512500 0.099219 0.084375 0.089063
1 0.674219 0.253906 0.089063 0.101562
1 0.609375 0.382031 0.106250 0.101562
1 0.700781 0.422656 0.095312 0.104688
1 0.728125 0.457031 0.081250 0.089063
1 0.818750 0.382031 0.100000 0.085938
1 0.825000 0.464062 0.090625 0.109375
1 0.771094 0.582031 0.101562 0.073438
1 0.779687 0.657813 0.112500 0.087500
1 0.867969 0.123438 0.089063 0.084375
1 0.963281 0.041406 0.073438 0.079687
1 0.980469 0.102344 0.039062 0.089063
1 0.978906 0.210938 0.042188 0.093750
1 0.856250 0.847656 0.084375 0.098437
