1 0.675000 0.956250 0.103125 0.087500
1 0.568750 0.839063 0.103125 0.112500
1 0.572656 0.910156 0.095312 0.073438
1 0.114844 0.417187 0.079687 0.078125
1 0.300000 0.430469 0.090625 0.089063
1 0.447656 0.324219 0.085938 0.098437
1 0.853125 0.024219 0.062500 0.045312
1 0.912500 0.035937 0.078125 0.068750
1 0.871094 0.079687 0.054688 0.081250
1 0.968750 0.081250 0.059375 0.090625
1 0.989062 0.160938 0.018750 0.081250
1 0.975000 0.280469 0.046875 0.085938
1 0.833594 0.250000 0.070312 0.075000
1 0.767969 0.205469 0.082812 0.085938
1 0.702344 0.299219 0.082812 0.092188
1 0.628906 0.277344 0.082812 0.085938
1 0.690625 0.475781 0.065625 0.079687
1 0.619531 0.456250 0.089063 0.090625
1 0.910937 0.387500 0.068750 0.071875
1 0.989844 0.430469 0.020313 0.089063
1 0.933594 0.457813 0.076563 0.087500
1 0.877344 0.504687 0.089063 0.096875
1 0.963281 0.545312 0.073438 0.059375
1 0.891406 0.578906 0.076563 0.085938
1 0.877344 0.678906 0.057813 0.082812
1 0.832812 0.651563 0.096875 0.081250
1 0.778906 0.571875 0.073438 0.081250
1 0.782813 0.475000 0.050000 0.059375
1 0.794531 0.416406 0.051562 0.054688
1 0.749219 0.441406 0.045312 0.054688
1 0.912500 0.161719 0.068750 0.073438
