0 0.327344 0.832812 0.070312 0.078125
0 0.275000 0.835156 0.065625 0.070312
0 0.178125 0.541406 0.093750 0.101562
2 0.088281 0.491406 0.117188 0.104688
0 0.509375 0.511719 0.087500 0.095312
1 0.514844 0.606250 0.079687 0.087500
1 0.726562 0.626563 0.075000 0.068750
1 0.697656 0.679688 0.067187 0.068750
0 0.718750 0.347656 0.084375 0.095312
1 0.499219 0.390625 0.060937 0.053125
0 0.984375 0.861719 0.031250 0.098437
1 0.896094 0.959375 0.070312 0.078125
0 0.821094 0.419531 0.098437 0.107813
0 0.306250 0.693750 0.059375 0.093750
0 0.159375 0.647656 0.046875 0.060937
0 0.650781 0.503906 0.067187 0.085938
0 0.772656 0.352344 0.060937 0.070312
0 0.766406 0.650781 0.057813 0.064062
0 0.555469 0.889062 0.070312 0.068750
0 0.496875 0.860156 0.081250 0.060937
1 0.553125 0.722656 0.034375 0.042188
