0 0.036719 0.703906 0.070312 0.089063
0 0.271094 0.796094 0.079687 0.079687
0 0.281250 0.426563 0.109375 0.112500
2 0.186719 0.968750 0.085938 0.062500
2 0.258594 0.950000 0.073438 0.096875
1 0.460938 0.065625 0.078125 0.093750
0 0.746094 0.137500 0.092188 0.078125
0 0.658594 0.228125 0.076563 0.081250
0 0.660156 0.327344 0.073438 0.067187
1 0.498437 0.418750 0.078125 0.075000
0 0.528125 0.665625 0.093750 0.093750
1 0.517188 0.923438 0.068750 0.065625
2 0.917969 0.771094 0.067187 0.073438
0 0.882812 0.671875 0.078125 0.084375
1 0.142187 0.218750 0.084375 0.062500
0 0.383594 0.064844 0.048438 0.054688
1 0.603906 0.541406 0.082812 0.073438
2 0.476562 0.242188 0.059375 0.053125
2 0.194531 0.569531 0.098437 0.101562
