0 0.401562 0.031250 0.128125 0.059375
0 0.410156 0.142969 0.095312 0.076563
0 0.504687 0.232813 0.050000 0.050000
0 0.431250 0.232813 0.112500 0.109375
0 0.357031 0.303906 0.110937 0.085938
0 0.440625 0.408594 0.100000 0.057813
0 0.426563 0.358594 0.109375 0.101562
0 0.339844 0.392188 0.095312 0.103125
2 0.415625 0.457031 0.109375 0.079687
0 0.523438 0.355469 0.081250 0.054688
0 0.671875 0.510156 0.093750 0.092188
0 0.806250 0.542969 0.075000 0.067187
0 0.634375 0.784375 0.056250 0.056250
0 0.783594 0.249219 0.098437 0.098437
1 0.764844 0.299219 0.095312 0.073438
0 0.865625 0.348438 0.096875 0.093750
0 0.175781 0.935937 0.098437 0.087500
1 0.610156 0.978125 0.079687 0.040625
1 0.494531 0.971094 0.098437 0.057813
1 0.757031 0.036719 0.073438 0.070312
0 0.610938 0.026562 0.118750 0.050000
1 0.446094 0.634375 0.067187 0.059375
1 0.695312 0.971094 0.100000 0.057813
