1 0.156250 0.029687 0.071875 0.056250
1 0.367188 0.035937 0.090625 0.068750
1 0.439844 0.073438 0.082812 0.090625
1 0.509375 0.032813 0.100000 0.062500
1 0.819531 0.134375 0.107813 0.112500
1 0.135156 0.281250 0.092188 0.093750
1 0.047656 0.263281 0.092188 0.095312
1 0.399219 0.621094 0.098437 0.092188
0 0.428906 0.967969 0.120313 0.064062
1 0.442188 0.866406 0.109375 0.092188
0 0.704688 0.332813 0.084375 0.065625
0 0.567187 0.464062 0.078125 0.071875
1 0.831250 0.200781 0.087500 0.082812
0 0.710156 0.464062 0.064062 0.081250
