1 0.128125 0.921875 0.090625 0.084375
1 0.389062 0.954688 0.131250 0.090625
1 0.598437 0.904687 0.096875 0.100000
1 0.967969 0.805469 0.064062 0.129688
1 0.228125 0.676562 0.112500 0.118750
1 0.289062 0.705469 0.093750 0.107813
1 0.191406 0.753125 0.101562 0.065625
1 0.617969 0.532813 0.101562 0.059375
0 0.186719 0.539844 0.123438 0.098437
0 0.102344 0.527344 0.117188 0.098437
0 0.425000 0.382031 0.121875 0.123438
0 0.346875 0.349219 0.118750 0.114062
0 0.182031 0.348438 0.098437 0.081250
0 0.367188 0.228125 0.121875 0.134375
0 0.442188 0.267188 0.121875 0.115625
0 0.350781 0.057813 0.114062 0.112500
1 0.174219 0.056250 0.129688 0.109375
0 0.264844 0.134375 0.067187 0.084375
1 0.616406 0.054688 0.110937 0.106250
1 0.517188 0.036719 0.087500 0.070312
1 0.908594 0.865625 0.129688 0.118750
0 0.028906 0.743750 0.054688 0.046875
0 0.414844 0.517188 0.073438 0.062500
1 0.674219 0.714063 0.079687 0.087500
0 0.829688 0.833594 0.043750 0.060937
0 0.810156 0.539062 0.085938 0.046875
0 0.512500 0.212500 0.059375 0.050000
0 0.409375 0.096094 0.059375 0.045312
