1 0.055469 0.135937 0.092188 0.087500
1 0.121875 0.407031 0.075000 0.067187
1 0.216406 0.444531 0.082812 0.079687
1 0.070312 0.664062 0.071875 0.068750
1 0.112500 0.761719 0.062500 0.079687
1 0.046875 0.755469 0.068750 0.079687
1 0.096875 0.865625 0.068750 0.078125
1 0.060156 0.832031 0.076563 0.064062
1 0.170313 0.835156 0.078125 0.073438
1 0.214844 0.882812 0.057813 0.056250
1 0.196094 0.962500 0.073438 0.075000
1 0.232813 0.974219 0.043750 0.051562
1 0.523438 0.970313 0.093750 0.059375
1 0.740625 0.371875 0.118750 0.109375
1 0.756250 0.462500 0.112500 0.112500
1 0.669531 0.427344 0.070312 0.110937
1 0.935937 0.467187 0.096875 0.093750
1 0.978125 0.522656 0.043750 0.082812
1 0.693750 0.239844 0.075000 0.073438
1 0.711719 0.169531 0.085938 0.073438
1 0.963281 0.091406 0.073438 0.079687
1 0.882812 0.165625 0.078125 0.053125
1 0.872656 0.971875 0.085938 0.056250
1 0.991406 0.634375 0.017188 0.040625
1 0.619531 0.713281 0.070312 0.067187
1 0.753125 0.459375 0.112500 0.112500
