0 0.032813 0.526563 0.062500 0.090625
0 0.067187 0.494531 0.065625 0.082812
1 0.215625 0.534375 0.075000 0.081250
1 0.264062 0.581250 0.078125 0.065625
1 0.247656 0.742969 0.076563 0.076563
0 0.583594 0.560937 0.092188 0.100000
0 0.503906 0.534375 0.089063 0.078125
1 0.661719 0.793750 0.089063 0.087500
1 0.746094 0.682813 0.098437 0.087500
0 0.836719 0.510938 0.095312 0.087500
0 0.274219 0.295312 0.076563 0.081250
0 0.623437 0.012500 0.096875 0.021875
0 0.800000 0.278125 0.106250 0.081250
0 0.886719 0.604688 0.085938 0.084375
0 0.928906 0.525000 0.101562 0.090625
0 0.883594 0.451562 0.101562 0.068750
0 0.896875 0.407813 0.118750 0.087500
0 0.887500 0.288281 0.075000 0.098437
0 0.944531 0.302344 0.073438 0.120313
0 0.962500 0.110156 0.075000 0.092188
0 0.844531 0.211719 0.107813 0.067187
0 0.835156 0.148438 0.076563 0.053125
0 0.465625 0.217969 0.084375 0.085938
0 0.455469 0.737500 0.095312 0.093750
0 0.527344 0.717969 0.054688 0.085938
0 0.521875 0.958594 0.106250 0.082812
0 0.451562 0.960938 0.081250 0.078125
0 0.334375 0.196094 0.084375 0.076563
1 0.207813 0.725000 0.031250 0.062500
