1 0.026562 0.118750 0.050000 0.078125
1 0.089844 0.053125 0.085938 0.078125
1 0.392969 0.987500 0.067187 0.025000
1 0.378125 0.903906 0.078125 0.067187
1 0.467969 0.896875 0.057813 0.065625
1 0.182812 0.790625 0.075000 0.065625
1 0.150781 0.871094 0.064062 0.054688
1 0.103906 0.899219 0.067187 0.054688
1 0.257031 0.725781 0.070312 0.064062
1 0.133594 0.727344 0.039062 0.039062
1 0.500781 0.620313 0.070312 0.059375
1 0.534375 0.572656 0.059375 0.073438
1 0.117188 0.177344 0.093750 0.076563
1 0.402344 0.067187 0.070312 0.068750
1 0.812500 0.975000 0.062500 0.050000
1 0.881250 0.974219 0.065625 0.051562
1 0.985938 0.892969 0.028125 0.092188
1 0.651563 0.079687 0.087500 0.075000
1 0.643750 0.029687 0.071875 0.056250
1 0.846094 0.715625 0.073438 0.068750
