1 0.795312 0.082031 0.081250 0.079687
1 0.703125 0.129688 0.087500 0.081250
1 0.396875 0.063281 0.087500 0.085938
1 0.061719 0.016406 0.089063 0.029687
1 0.167969 0.049219 0.035937 0.067187
1 0.246094 0.210938 0.076563 0.075000
1 0.308594 0.260156 0.076563 0.073438
1 0.052344 0.535937 0.089063 0.078125
1 0.846875 0.278906 0.081250 0.079687
1 0.814844 0.325000 0.070312 0.081250
1 0.951562 0.300781 0.065625 0.054688
1 0.847656 0.436719 0.073438 0.073438
1 0.800781 0.420312 0.035937 0.053125
1 0.790625 0.446875 0.040625 0.053125
1 0.738281 0.440625 0.064062 0.059375
1 0.914062 0.689844 0.065625 0.079687
1 0.861719 0.714063 0.039062 0.053125
1 0.951562 0.730469 0.059375 0.060937
1 0.930469 0.795312 0.035937 0.037500
1 0.889844 0.783594 0.045312 0.042188
1 0.714844 0.707031 0.079687 0.085938
1 0.653125 0.812500 0.062500 0.065625
1 0.639062 0.747656 0.059375 0.054688
1 0.564063 0.704688 0.059375 0.062500
1 0.521875 0.666406 0.056250 0.045312
1 0.467969 0.641406 0.079687 0.079687
1 0.314063 0.623437 0.065625 0.071875
1 0.271094 0.613281 0.060937 0.070312
1 0.044531 0.718750 0.085938 0.087500
1 0.350000 0.809375 0.093750 0.084375
1 0.521875 0.823438 0.065625 0.056250
1 0.529687 0.928125 0.100000 0.087500
1 0.819531 0.953125 0.064062 0.059375
1 0.869531 0.988281 0.079687 0.020313
1 0.600781 0.189844 0.079687 0.076563
1 0.792188 0.565625 0.062500 0.062500
1 0.735938 0.552344 0.040625 0.042188
1 0.967187 0.503125 0.065625 0.059375
1 0.450000 0.449219 0.068750 0.079687
1 0.613281 0.378906 0.060937 0.073438
