1 0.223438 0.159375 0.103125 0.137500
1 0.146094 0.420312 0.079687 0.100000
1 0.760156 0.600781 0.114062 0.110937
1 0.735156 0.247656 0.076563 0.082812
0 0.968750 0.943750 0.059375 0.081250
0 0.811719 0.825781 0.092188 0.076563
1 0.950000 0.846875 0.100000 0.100000
1 0.501563 0.194531 0.162500 0.164062
1 0.762500 0.302344 0.068750 0.060937
0 0.067969 0.530469 0.079687 0.092188
0 0.411719 0.302344 0.114062 0.092188
0 0.299219 0.285938 0.142187 0.090625
1 0.689844 0.605469 0.064062 0.107813
1 0.976562 0.738281 0.046875 0.064062
