1 0.011719 0.293750 0.020313 0.084375
1 0.061719 0.232813 0.079687 0.096875
1 0.014844 0.068750 0.026562 0.075000
1 0.069531 0.053125 0.076563 0.096875
1 0.137500 0.011719 0.050000 0.020313
1 0.191406 0.034375 0.079687 0.065625
1 0.141406 0.061719 0.070312 0.073438
1 0.092188 0.108594 0.050000 0.060937
1 0.156250 0.220312 0.059375 0.084375
1 0.197656 0.181250 0.079687 0.093750
1 0.178125 0.570312 0.071875 0.075000
1 0.219531 0.730469 0.079687 0.095312
1 0.077344 0.680469 0.079687 0.079687
1 0.241406 0.100000 0.085938 0.071875
1 0.253906 0.060156 0.054688 0.085938
1 0.304688 0.012500 0.084375 0.021875
1 0.329688 0.079687 0.090625 0.106250
1 0.401562 0.094531 0.056250 0.104688
1 0.457031 0.038281 0.095312 0.073438
1 0.492969 0.194531 0.095312 0.098437
1 0.493750 0.303125 0.059375 0.062500
1 0.506250 0.361719 0.081250 0.095312
1 0.428125 0.382031 0.065625 0.067187
1 0.551562 0.514062 0.078125 0.084375
1 0.577344 0.552344 0.092188 0.101562
1 0.639062 0.520312 0.103125 0.109375
1 0.694531 0.372656 0.095312 0.082812
1 0.647656 0.015625 0.057813 0.028125
1 0.712500 0.037500 0.068750 0.059375
1 0.758594 0.136719 0.082812 0.095312
1 0.701562 0.100000 0.093750 0.103125
1 0.721875 0.517969 0.056250 0.082812
1 0.842187 0.202344 0.059375 0.048438
1 0.879687 0.201563 0.046875 0.059375
1 0.148438 0.796875 0.075000 0.093750
