0 0.045312 0.449219 0.087500 0.117188
0 0.335156 0.875000 0.107813 0.112500
1 0.396875 0.863281 0.062500 0.085938
0 0.292969 0.932031 0.082812 0.095312
1 0.212500 0.734375 0.106250 0.106250
0 0.372656 0.532031 0.092188 0.101562
0 0.305469 0.568750 0.079687 0.062500
1 0.102344 0.517188 0.098437 0.087500
2 0.181250 0.228125 0.103125 0.081250
0 0.276562 0.288281 0.103125 0.104688
0 0.171875 0.017188 0.062500 0.031250
0 0.639844 0.009375 0.120313 0.015625
0 0.582031 0.105469 0.073438 0.067187
1 0.919531 0.023438 0.095312 0.043750
0 0.406250 0.763281 0.103125 0.110937
1 0.735156 0.935156 0.107813 0.107813
1 0.932813 0.952344 0.096875 0.076563
1 0.503906 0.286719 0.092188 0.082812
1 0.519531 0.207031 0.089063 0.085938
0 0.821875 0.647656 0.118750 0.129688
0 0.952344 0.483594 0.092188 0.107813
1 0.855469 0.249219 0.092188 0.104688
0 0.988281 0.146094 0.023438 0.057813
1 0.419531 0.375000 0.057813 0.034375
0 0.832812 0.964844 0.106250 0.070312
