1 0.185938 0.028906 0.106250 0.054688
1 0.253125 0.050000 0.087500 0.071875
1 0.263281 0.109375 0.085938 0.065625
1 0.164844 0.093750 0.085938 0.075000
1 0.214062 0.148438 0.078125 0.078125
1 0.155469 0.403125 0.085938 0.065625
1 0.107031 0.535937 0.101562 0.084375
1 0.268750 0.610938 0.087500 0.078125
1 0.223438 0.709375 0.084375 0.075000
1 0.154688 0.710156 0.068750 0.079687
1 0.378906 0.585156 0.082812 0.079687
1 0.452344 0.580469 0.082812 0.085938
1 0.506250 0.465625 0.084375 0.075000
1 0.603125 0.396875 0.081250 0.078125
1 0.669531 0.391406 0.064062 0.073438
1 0.664062 0.550000 0.087500 0.071875
1 0.621094 0.762500 0.095312 0.078125
1 0.592187 0.837500 0.071875 0.075000
1 0.475000 0.778125 0.112500 0.090625
1 0.823438 0.893750 0.078125 0.075000
1 0.903125 0.761719 0.065625 0.067187
1 0.412500 0.299219 0.068750 0.079687
1 0.014063 0.174219 0.025000 0.076563
