0 0.532813 0.030469 0.128125 0.057813
0 0.410156 0.185156 0.117188 0.123438
0 0.768750 0.039062 0.046875 0.075000
0 0.905469 0.175000 0.107813 0.109375
0 0.632031 0.285938 0.082812 0.050000
0 0.700781 0.326562 0.085938 0.068750
0 0.616406 0.326562 0.076563 0.046875
0 0.878125 0.509375 0.106250 0.103125
0 0.780469 0.553906 0.107813 0.120313
0 0.438281 0.434375 0.079687 0.071875
0 0.609375 0.505469 0.081250 0.089063
0 0.250000 0.405469 0.118750 0.123438
0 0.413281 0.767969 0.114062 0.110937
0 0.302344 0.446875 0.117188 0.125000
0 0.023438 0.746094 0.043750 0.114062
