0 0.039844 0.146875 0.076563 0.140625
0 0.074219 0.083594 0.076563 0.079687
0 0.130469 0.116406 0.085938 0.101562
0 0.189062 0.172656 0.071875 0.089063
0 0.124219 0.184375 0.060937 0.056250
0 0.068750 0.221875 0.090625 0.100000
0 0.062500 0.317188 0.078125 0.096875
0 0.257031 0.263281 0.085938 0.076563
0 0.360938 0.264844 0.096875 0.095312
0 0.082812 0.495312 0.050000 0.071875
0 0.116406 0.664062 0.054688 0.056250
0 0.485156 0.708594 0.095312 0.085938
0 0.408594 0.750000 0.085938 0.081250
0 0.457031 0.814844 0.092188 0.101562
0 0.548438 0.885156 0.081250 0.085938
0 0.463281 0.957031 0.089063 0.064062
2 0.987500 0.046094 0.025000 0.089063
2 0.871875 0.056250 0.068750 0.090625
0 0.890625 0.207813 0.087500 0.096875
1 0.975000 0.260156 0.050000 0.098437
