1 0.016406 0.681250 0.029687 0.081250
1 0.510156 0.160156 0.076563 0.104688
1 0.449219 0.181250 0.070312 0.093750
1 0.388281 0.147656 0.060937 0.060937
1 0.397656 0.249219 0.073438 0.092188
1 0.285156 0.362500 0.073438 0.078125
1 0.086719 0.609375 0.064062 0.081250
1 0.034375 0.588281 0.065625 0.064062
1 0.207813 0.721875 0.106250 0.087500
1 0.407813 0.616406 0.090625 0.098437
1 0.620313 0.576562 0.081250 0.084375
1 0.482812 0.731250 0.118750 0.087500
1 0.707031 0.274219 0.089063 0.095312
1 0.729688 0.346094 0.096875 0.067187
1 0.050000 0.977344 0.068750 0.045312
1 0.527344 0.939844 0.092188 0.085938
1 0.825000 0.032813 0.084375 0.062500
1 0.739844 0.501563 0.064062 0.037500
1 0.794531 0.393750 0.067187 0.037500
