1 0.018750 0.424219 0.034375 0.073438
1 0.075000 0.445312 0.075000 0.065625
1 0.048438 0.309375 0.081250 0.075000
1 0.025781 0.239063 0.048438 0.075000
1 0.641406 0.012500 0.079687 0.021875
1 0.571875 0.008594 0.065625 0.014063
1 0.534375 0.028906 0.062500 0.054688
1 0.845313 0.197656 0.090625 0.082812
1 0.803125 0.255469 0.090625 0.089063
1 0.869531 0.171094 0.085938 0.085938
1 0.878906 0.021094 0.089063 0.039062
1 0.763281 0.138281 0.060937 0.054688
1 0.496875 0.175000 0.081250 0.078125
1 0.435156 0.171094 0.070312 0.060937
1 0.300000 0.221875 0.081250 0.084375
1 0.351562 0.318750 0.078125 0.065625
1 0.449219 0.260156 0.082812 0.079687
0 0.655469 0.406250 0.082812 0.075000
1 0.785937 0.404687 0.078125 0.081250
1 0.309375 0.398438 0.096875 0.084375
1 0.239844 0.448437 0.085938 0.071875
1 0.496094 0.685937 0.092188 0.071875
1 0.488281 0.619531 0.079687 0.064062
1 0.582031 0.725000 0.092188 0.081250
1 0.515625 0.755469 0.078125 0.092188
0 0.411719 0.956250 0.095312 0.087500
1 0.575781 0.899219 0.101562 0.095312
1 0.968750 0.623437 0.050000 0.075000
1 0.982031 0.660156 0.035937 0.048438
1 0.882812 0.636719 0.059375 0.057813
1 0.639062 0.896094 0.037500 0.039062
1 0.929688 0.532813 0.050000 0.056250
