1 0.836719 0.026562 0.079687 0.050000
1 0.614062 0.086719 0.090625 0.089063
1 0.928906 0.489844 0.101562 0.104688
1 0.885938 0.668750 0.065625 0.081250
1 0.649219 0.182031 0.089063 0.085938
1 0.571875 0.164062 0.087500 0.090625
1 0.456250 0.204687 0.078125 0.081250
1 0.390625 0.255469 0.075000 0.089063
1 0.300781 0.203125 0.054688 0.053125
1 0.278906 0.234375 0.064062 0.075000
1 0.300000 0.314063 0.090625 0.090625
1 0.192969 0.314844 0.070312 0.057813
1 0.654687 0.408594 0.090625 0.095312
1 0.025781 0.438281 0.045312 0.085938
1 0.958594 0.749219 0.064062 0.070312
1 0.900781 0.806250 0.048438 0.065625
