1 0.153125 0.663281 0.093750 0.104688
1 0.294531 0.730469 0.095312 0.104688
1 0.598437 0.338281 0.118750 0.129688
1 0.540625 0.447656 0.128125 0.129688
1 0.652344 0.503125 0.123438 0.125000
1 0.557031 0.814063 0.126562 0.128125
1 0.946875 0.445312 0.087500 0.115625
1 0.854688 0.445312 0.131250 0.112500
1 0.812500 0.605469 0.100000 0.110937
1 0.816406 0.260156 0.114062 0.110937
1 0.979688 0.360156 0.040625 0.076563
1 0.916406 0.322656 0.082812 0.073438
1 0.710156 0.243750 0.117188 0.125000
1 0.925000 0.581250 0.075000 0.071875
1 0.438281 0.334375 0.089063 0.087500
1 0.718750 0.639844 0.106250 0.114062
1 0.972656 0.698438 0.054688 0.075000
1 0.882031 0.012500 0.092188 0.021875
