1 0.553125 0.019531 0.109375 0.035937
1 0.082812 0.232813 0.100000 0.093750
1 0.278125 0.391406 0.112500 0.107813
1 0.833594 0.247656 0.107813 0.104688
1 0.476562 0.167969 0.071875 0.073438
1 0.539062 0.264844 0.053125 0.070312
1 0.573438 0.378125 0.056250 0.068750
1 0.424219 0.548438 0.092188 0.084375
1 0.030469 0.475781 0.057813 0.098437
1 0.057031 0.536719 0.089063 0.079687
0 0.241406 0.681250 0.079687 0.068750
1 0.152344 0.741406 0.070312 0.070312
0 0.956250 0.838281 0.084375 0.095312
1 0.048438 0.408594 0.075000 0.076563
1 0.540625 0.474219 0.071875 0.076563
1 0.230469 0.431250 0.057813 0.075000
1 0.356250 0.473438 0.090625 0.081250
