0 0.253906 0.139844 0.095312 0.095312
0 0.212500 0.110156 0.068750 0.092188
2 0.147656 0.176563 0.076563 0.087500
0 0.186719 0.232813 0.095312 0.106250
1 0.150781 0.314063 0.070312 0.090625
0 0.751563 0.657813 0.125000 0.131250
0 0.808594 0.521094 0.104688 0.117188
0 0.960938 0.604688 0.078125 0.159375
0 0.830469 0.130469 0.101562 0.135937
1 0.645312 0.148438 0.131250 0.109375
0 0.661719 0.022656 0.101562 0.042188
0 0.715625 0.328125 0.106250 0.087500
0 0.858594 0.705469 0.129688 0.145313
1 0.894531 0.841406 0.070312 0.082812
1 0.347656 0.152344 0.085938 0.064062
0 0.746094 0.024219 0.045312 0.045312
0 0.953906 0.405469 0.064062 0.107813
1 0.826562 0.223438 0.096875 0.078125
