1 0.085938 0.013281 0.078125 0.023438
1 0.857031 0.959375 0.095312 0.081250
1 0.979688 0.725781 0.037500 0.126562
1 0.950000 0.387500 0.096875 0.112500
1 0.613281 0.470313 0.151562 0.175000
1 0.541406 0.386719 0.107813 0.123438
1 0.468750 0.382812 0.093750 0.118750
1 0.513281 0.471875 0.070312 0.100000
1 0.385156 0.236719 0.117188 0.117188
1 0.279687 0.214062 0.090625 0.100000
1 0.417187 0.432812 0.050000 0.068750
1 0.345313 0.428906 0.103125 0.060937
1 0.253906 0.482812 0.117188 0.125000
1 0.146875 0.445312 0.087500 0.115625
1 0.060937 0.445312 0.118750 0.112500
1 0.032031 0.605469 0.060937 0.110937
1 0.037500 0.260156 0.071875 0.110937
1 0.204687 0.360156 0.090625 0.076563
1 0.116406 0.322656 0.082812 0.073438
1 0.125000 0.581250 0.075000 0.071875
1 0.371875 0.082812 0.100000 0.134375
1 0.369531 0.297656 0.060937 0.051562
