0 0.119531 0.885938 0.079687 0.078125
0 0.080469 0.854688 0.114062 0.125000
0 0.171094 0.497656 0.107813 0.123438
0 0.238281 0.514062 0.079687 0.103125
0 0.364063 0.368750 0.118750 0.121875
0 0.341406 0.459375 0.095312 0.081250
1 0.467187 0.475000 0.100000 0.096875
0 0.502344 0.603906 0.073438 0.098437
1 0.350781 0.642969 0.104688 0.107813
1 0.859375 0.067187 0.087500 0.112500
0 0.818750 0.084375 0.062500 0.106250
0 0.954688 0.076563 0.087500 0.118750
0 0.868750 0.233594 0.090625 0.139063
0 0.950000 0.210156 0.078125 0.082812
0 0.987500 0.335938 0.025000 0.087500
0 0.982812 0.400000 0.034375 0.096875
0 0.921094 0.468750 0.076563 0.084375
0 0.964063 0.589063 0.071875 0.125000
0 0.455469 0.301563 0.082812 0.100000
