1 0.147656 0.050781 0.107813 0.098437
1 0.059375 0.209375 0.115625 0.112500
1 0.183594 0.254688 0.142187 0.128125
1 0.520312 0.644531 0.109375 0.098437
1 0.689844 0.691406 0.104688 0.098437
1 0.710156 0.830469 0.110937 0.104688
1 0.653906 0.873437 0.092188 0.081250
1 0.540625 0.830469 0.090625 0.076563
1 0.416406 0.716406 0.082812 0.070312
1 0.097656 0.865625 0.117188 0.121875
1 0.250000 0.956250 0.081250 0.087500
1 0.477344 0.865625 0.076563 0.068750
1 0.860938 0.950000 0.115625 0.096875
1 0.346094 0.523438 0.073438 0.062500
1 0.799219 0.695312 0.073438 0.093750
