1 0.017969 0.482031 0.032813 0.098437
1 0.426563 0.424219 0.087500 0.076563
1 0.476562 0.354687 0.090625 0.100000
1 0.433594 0.271875 0.073438 0.084375
1 0.558594 0.489844 0.085938 0.095312
1 0.039844 0.075000 0.076563 0.093750
1 0.692969 0.034375 0.076563 0.065625
1 0.635938 0.078906 0.093750 0.089063
1 0.732812 0.220312 0.084375 0.071875
1 0.896875 0.225781 0.068750 0.070312
1 0.860156 0.250000 0.082812 0.084375
1 0.882031 0.370312 0.095312 0.075000
1 0.953906 0.435156 0.073438 0.085938
1 0.800781 0.402344 0.060937 0.048438
1 0.733594 0.501563 0.095312 0.093750
1 0.796094 0.546094 0.076563 0.095312
1 0.707031 0.568750 0.079687 0.078125
1 0.736719 0.630469 0.076563 0.073438
1 0.956250 0.614062 0.087500 0.081250
1 0.826562 0.722656 0.081250 0.082812
1 0.836719 0.817969 0.079687 0.079687
1 0.615625 0.887500 0.090625 0.090625
1 0.650781 0.970313 0.089063 0.059375
1 0.571875 0.959375 0.087500 0.081250
1 0.457813 0.982812 0.078125 0.034375
1 0.292187 0.989062 0.075000 0.021875
