0 0.056250 0.877344 0.093750 0.085938
0 0.104688 0.604688 0.096875 0.096875
0 0.110937 0.689844 0.090625 0.076563
1 0.032031 0.307812 0.060937 0.084375
0 0.769531 0.918750 0.089063 0.081250
1 0.923438 0.525781 0.065625 0.067187
1 0.973437 0.654687 0.050000 0.078125
0 0.988281 0.814063 0.023438 0.084375
1 0.776563 0.614844 0.071875 0.060937
1 0.159375 0.015625 0.087500 0.028125
1 0.534375 0.271875 0.084375 0.075000
1 0.039062 0.180469 0.075000 0.092188
0 0.788281 0.102344 0.073438 0.079687
0 0.992188 0.714844 0.015625 0.054688
