1 0.514844 0.946875 0.079687 0.075000
1 0.317188 0.835938 0.087500 0.081250
1 0.260156 0.734375 0.070312 0.075000
1 0.275000 0.665625 0.081250 0.075000
1 0.347656 0.590625 0.098437 0.090625
1 0.250781 0.548438 0.095312 0.087500
1 0.257812 0.459375 0.100000 0.100000
1 0.420312 0.380469 0.093750 0.085938
1 0.506250 0.238281 0.090625 0.092188
0 0.521094 0.173437 0.114062 0.084375
0 0.580469 0.230469 0.079687 0.082812
1 0.579688 0.138281 0.087500 0.076563
1 0.642188 0.136719 0.087500 0.098437
1 0.721094 0.114844 0.085938 0.089063
0 0.988281 0.128125 0.023438 0.084375
1 0.970313 0.324219 0.056250 0.107813
1 0.917188 0.370312 0.090625 0.059375
1 0.854688 0.433594 0.084375 0.073438
1 0.799219 0.406250 0.076563 0.062500
1 0.767969 0.465625 0.089063 0.068750
1 0.853906 0.608594 0.110937 0.098437
1 0.918750 0.589844 0.056250 0.060937
1 0.463281 0.801562 0.079687 0.062500
1 0.659375 0.206250 0.037500 0.059375
1 0.481250 0.921875 0.056250 0.056250
