0 0.081250 0.921875 0.087500 0.087500
1 0.334375 0.839063 0.106250 0.087500
1 0.406250 0.750000 0.087500 0.096875
1 0.273438 0.648438 0.090625 0.084375
1 0.107031 0.577344 0.089063 0.082812
1 0.739844 0.567969 0.064062 0.073438
1 0.692969 0.567187 0.076563 0.084375
1 0.781250 0.419531 0.106250 0.107813
1 0.942969 0.411719 0.089063 0.104688
1 0.871094 0.464062 0.064062 0.071875
1 0.964063 0.345313 0.071875 0.100000
1 0.587500 0.429688 0.053125 0.075000
1 0.580469 0.261719 0.098437 0.082812
1 0.029687 0.396875 0.056250 0.081250
1 0.790625 0.222656 0.068750 0.085938
1 0.550781 0.100000 0.089063 0.084375
1 0.617188 0.039062 0.046875 0.075000
1 0.543750 0.010937 0.106250 0.018750
1 0.400000 0.022656 0.087500 0.042188
1 0.879687 0.012500 0.081250 0.021875
1 0.663281 0.967969 0.079687 0.060937
1 0.664844 0.282813 0.076563 0.050000
1 0.692969 0.394531 0.048438 0.076563
