1 0.086719 0.195312 0.060937 0.087500
1 0.055469 0.253125 0.073438 0.093750
1 0.024219 0.346875 0.045312 0.084375
1 0.132812 0.222656 0.068750 0.085938
1 0.216406 0.103125 0.073438 0.078125
1 0.219531 0.034375 0.073438 0.065625
1 0.288281 0.085938 0.067187 0.087500
1 0.343750 0.023438 0.056250 0.043750
1 0.238281 0.238281 0.060937 0.051562
1 0.219531 0.283594 0.073438 0.073438
1 0.262500 0.307812 0.056250 0.081250
1 0.301563 0.223438 0.062500 0.078125
1 0.185938 0.333594 0.068750 0.064062
1 0.192969 0.820312 0.067187 0.078125
1 0.119531 0.842187 0.045312 0.065625
1 0.044531 0.843750 0.035937 0.075000
1 0.471875 0.742969 0.065625 0.079687
1 0.464062 0.919531 0.081250 0.085938
1 0.600000 0.760938 0.075000 0.075000
1 0.762500 0.901563 0.081250 0.087500
1 0.840625 0.910937 0.065625 0.062500
1 0.914062 0.900781 0.068750 0.085938
1 0.605469 0.128125 0.045312 0.059375
1 0.635156 0.121875 0.032813 0.062500
1 0.535937 0.015625 0.071875 0.028125
1 0.486719 0.045312 0.076563 0.075000
