1 0.585938 0.956250 0.081250 0.071875
1 0.614844 0.902344 0.079687 0.076563
1 0.582812 0.836719 0.090625 0.079687
1 0.302344 0.723437 0.120313 0.078125
1 0.449219 0.687500 0.126562 0.121875
1 0.275781 0.664062 0.098437 0.093750
0 0.067187 0.485938 0.106250 0.109375
1 0.142969 0.392969 0.092188 0.089063
1 0.164844 0.582031 0.070312 0.060937
1 0.267188 0.476562 0.093750 0.106250
1 0.464844 0.345313 0.123438 0.109375
1 0.518750 0.328906 0.053125 0.085938
1 0.346094 0.300000 0.092188 0.096875
1 0.940625 0.332031 0.093750 0.095312
1 0.984375 0.359375 0.028125 0.078125
1 0.968750 0.414062 0.059375 0.078125
1 0.682031 0.553125 0.054688 0.075000
0 0.078906 0.112500 0.095312 0.090625
1 0.334375 0.042188 0.106250 0.081250
1 0.645312 0.156250 0.096875 0.084375
1 0.021094 0.328906 0.039062 0.098437
0 0.517969 0.392188 0.054688 0.040625
1 0.964063 0.732031 0.046875 0.064062
