0 0.103906 0.092969 0.076563 0.064062
0 0.264844 0.027344 0.057813 0.051562
1 0.229687 0.071094 0.043750 0.048438
1 0.618750 0.318750 0.084375 0.065625
1 0.554688 0.392188 0.031250 0.056250
0 0.530469 0.714844 0.073438 0.076563
1 0.878125 0.646875 0.093750 0.093750
1 0.966406 0.634375 0.064062 0.059375
1 0.867188 0.797656 0.043750 0.035937
1 0.973437 0.419531 0.050000 0.092188
1 0.954688 0.340625 0.065625 0.068750
1 0.943750 0.266406 0.081250 0.067187
1 0.867969 0.255469 0.082812 0.085938
1 0.837500 0.321875 0.053125 0.075000
1 0.935156 0.157812 0.073438 0.075000
1 0.812500 0.971875 0.090625 0.053125
