1 0.739062 0.846094 0.096875 0.089063
1 0.671875 0.738281 0.106250 0.082812
1 0.260156 0.476562 0.120313 0.109375
1 0.173437 0.518750 0.090625 0.084375
1 0.247656 0.375000 0.098437 0.090625
1 0.344531 0.177344 0.126562 0.107813
1 0.325781 0.225781 0.123438 0.104688
1 0.442969 0.186719 0.104688 0.123438
1 0.653906 0.573438 0.095312 0.096875
1 0.639062 0.489844 0.068750 0.079687
1 0.844531 0.394531 0.101562 0.101562
1 0.768750 0.378906 0.084375 0.089063
1 0.718750 0.624219 0.100000 0.085938
1 0.789062 0.928125 0.075000 0.093750
1 0.935156 0.788281 0.079687 0.070312
1 0.900781 0.736719 0.060937 0.095312
1 0.988281 0.245312 0.023438 0.087500
1 0.963281 0.264062 0.073438 0.103125
1 0.896094 0.292969 0.095312 0.095312
1 0.873437 0.546094 0.081250 0.048438
1 0.939844 0.160156 0.054688 0.082812
1 0.946094 0.042188 0.064062 0.081250
1 0.821875 0.219531 0.100000 0.067187
1 0.069531 0.342187 0.089063 0.109375
1 0.750781 0.722656 0.070312 0.060937
