1 0.108594 0.954688 0.114062 0.090625
1 0.057813 0.371875 0.075000 0.075000
1 0.119531 0.447656 0.060937 0.067187
1 0.216406 0.407031 0.082812 0.092188
1 0.364844 0.403906 0.079687 0.089063
1 0.500000 0.566406 0.081250 0.098437
1 0.432031 0.662500 0.098437 0.081250
1 0.484375 0.733594 0.103125 0.092188
1 0.467969 0.922656 0.101562 0.098437
1 0.200000 0.237500 0.106250 0.103125
1 0.421094 0.170313 0.101562 0.100000
1 0.487500 0.198437 0.034375 0.037500
1 0.546875 0.107031 0.087500 0.085938
1 0.492969 0.042969 0.098437 0.082812
1 0.685156 0.017969 0.098437 0.032813
1 0.651563 0.028906 0.056250 0.054688
1 0.711719 0.187500 0.070312 0.075000
1 0.849219 0.271094 0.073438 0.089063
1 0.720313 0.316406 0.068750 0.079687
1 0.639062 0.374219 0.059375 0.064062
1 0.710156 0.585156 0.079687 0.076563
1 0.945312 0.732812 0.068750 0.065625
1 0.962500 0.861719 0.071875 0.082812
1 0.611719 0.900000 0.073438 0.093750
1 0.708594 0.973437 0.095312 0.053125
