1 0.542969 0.972656 0.110937 0.054688
1 0.930469 0.971875 0.110937 0.056250
1 0.738281 0.609375 0.101562 0.078125
0 0.292969 0.601562 0.079687 0.062500
0 0.372656 0.561719 0.082812 0.057813
0 0.468750 0.581250 0.090625 0.075000
1 0.680469 0.507031 0.085938 0.076563
1 0.863281 0.305469 0.104688 0.101562
1 0.217969 0.491406 0.085938 0.060937
1 0.151562 0.458594 0.087500 0.082812
1 0.202344 0.403125 0.104688 0.081250
1 0.241406 0.310156 0.101562 0.092188
1 0.127344 0.579688 0.051562 0.059375
1 0.031250 0.404687 0.059375 0.056250
1 0.038281 0.492969 0.070312 0.057813
1 0.094531 0.579688 0.064062 0.062500
1 0.087500 0.323437 0.078125 0.059375
0 0.103125 0.196094 0.071875 0.067187
1 0.317969 0.133594 0.098437 0.089063
1 0.400781 0.087500 0.110937 0.093750
1 0.075000 0.046094 0.084375 0.082812
1 0.680469 0.182812 0.076563 0.065625
1 0.207813 0.814844 0.081250 0.051562
1 0.948438 0.413281 0.103125 0.082812
1 0.281250 0.382031 0.040625 0.051562
1 0.590625 0.883594 0.075000 0.051562
1 0.542188 0.035156 0.093750 0.067187
