1 0.051562 0.108594 0.100000 0.104688
1 0.182031 0.271094 0.092188 0.089063
1 0.086719 0.154688 0.098437 0.084375
0 0.185156 0.044531 0.110937 0.085938
0 0.845313 0.076563 0.090625 0.093750
1 0.910937 0.185938 0.112500 0.081250
1 0.785156 0.117969 0.085938 0.082812
0 0.842187 0.368750 0.106250 0.109375
0 0.621875 0.496875 0.100000 0.100000
0 0.863281 0.592969 0.132812 0.104688
1 0.656250 0.631250 0.093750 0.068750
1 0.762500 0.989844 0.071875 0.017188
1 0.832031 0.964844 0.092188 0.070312
0 0.243750 0.943750 0.106250 0.112500
1 0.307812 0.931250 0.096875 0.100000
0 0.441406 0.147656 0.057813 0.057813
0 0.010937 0.966406 0.018750 0.064062
0 0.060156 0.017188 0.089063 0.031250
1 0.955469 0.897656 0.064062 0.070312
1 0.717187 0.487500 0.071875 0.053125
1 0.621094 0.796094 0.035937 0.064062
