1 0.056250 0.049219 0.084375 0.095312
1 0.639062 0.022656 0.100000 0.042188
1 0.210156 0.317188 0.095312 0.100000
1 0.163281 0.256250 0.070312 0.071875
1 0.056250 0.392969 0.106250 0.101562
1 0.631250 0.263281 0.100000 0.095312
1 0.765625 0.314844 0.121875 0.117188
1 0.811719 0.375000 0.110937 0.103125
1 0.785937 0.207813 0.115625 0.096875
1 0.174219 0.771094 0.098437 0.110937
1 0.257812 0.756250 0.093750 0.112500
1 0.421094 0.761719 0.089063 0.101562
1 0.121875 0.620313 0.100000 0.090625
1 0.032813 0.526563 0.062500 0.093750
1 0.578125 0.845313 0.078125 0.084375
1 0.810937 0.878125 0.090625 0.103125
1 0.814844 0.961719 0.070312 0.076563
1 0.210156 0.934375 0.082812 0.081250
1 0.310156 0.975000 0.070312 0.050000
1 0.471875 0.906250 0.062500 0.065625
1 0.486719 0.800781 0.051562 0.051562
1 0.859375 0.277344 0.053125 0.073438
