0 0.455469 0.924219 0.067187 0.067187
0 0.560937 0.809375 0.093750 0.096875
0 0.496875 0.812500 0.090625 0.096875
0 0.724219 0.984375 0.104688 0.031250
0 0.792969 0.860156 0.117188 0.107813
0 0.708594 0.632812 0.107813 0.100000
0 0.612500 0.528125 0.112500 0.106250
0 0.613281 0.450000 0.089063 0.093750
0 0.525000 0.521094 0.078125 0.082812
2 0.764062 0.439063 0.093750 0.093750
1 0.942969 0.602344 0.067187 0.076563
0 0.303906 0.507812 0.095312 0.093750
0 0.298438 0.628125 0.100000 0.087500
1 0.362500 0.667188 0.093750 0.090625
0 0.661719 0.230469 0.098437 0.114062
1 0.347656 0.416406 0.095312 0.082812
0 0.349219 0.357031 0.092188 0.082812
0 0.338281 0.271094 0.095312 0.104688
1 0.167969 0.165625 0.101562 0.090625
1 0.089844 0.132031 0.089063 0.098437
0 0.772656 0.030469 0.079687 0.057813
0 0.848437 0.175000 0.065625 0.053125
0 0.976562 0.548438 0.043750 0.096875
0 0.787500 0.948438 0.090625 0.078125
0 0.847656 0.972656 0.089063 0.054688
0 0.618750 0.936719 0.062500 0.095312
0 0.589063 0.687500 0.071875 0.075000
0 0.392188 0.084375 0.062500 0.040625
0 0.663281 0.371094 0.067187 0.039062
0 0.585938 0.356250 0.040625 0.043750
0 0.750781 0.537500 0.079687 0.078125
0 0.976562 0.682813 0.046875 0.062500
