0 0.147656 0.739844 0.089063 0.079687
0 0.066406 0.571094 0.101562 0.085938
1 0.175781 0.519531 0.085938 0.089063
1 0.340625 0.537500 0.075000 0.084375
0 0.675781 0.537500 0.085938 0.090625
2 0.568750 0.469531 0.071875 0.070312
1 0.689063 0.694531 0.053125 0.064062
0 0.650781 0.608594 0.070312 0.089063
1 0.401562 0.113281 0.090625 0.092188
0 0.594531 0.199219 0.092188 0.092188
0 0.838281 0.313281 0.076563 0.076563
0 0.946875 0.310156 0.106250 0.095312
1 0.424219 0.458594 0.045312 0.045312
1 0.857812 0.374219 0.068750 0.076563
1 0.907031 0.335156 0.067187 0.082812
1 0.683594 0.237500 0.098437 0.109375
1 0.339062 0.126562 0.087500 0.084375
1 0.978906 0.831250 0.042188 0.068750
1 0.967187 0.757812 0.065625 0.075000
2 0.782813 0.272656 0.040625 0.035937
1 0.174219 0.050781 0.067187 0.073438
0 0.184375 0.325000 0.040625 0.037500
1 0.776563 0.658594 0.056250 0.070312
1 0.568750 0.573438 0.046875 0.068750
2 0.455469 0.425781 0.035937 0.026562
1 0.269531 0.531250 0.045312 0.065625
