1 0.311719 0.352344 0.104688 0.110937
1 0.279687 0.443750 0.118750 0.112500
1 0.070312 0.514062 0.071875 0.068750
1 0.641406 0.491406 0.054688 0.073438
1 0.864844 0.432031 0.067187 0.064062
1 0.956250 0.465625 0.087500 0.084375
1 0.596875 0.658594 0.090625 0.076563
0 0.555469 0.715625 0.092188 0.087500
1 0.553906 0.786719 0.095312 0.092188
1 0.435937 0.721094 0.100000 0.098437
1 0.902344 0.760156 0.064062 0.067187
0 0.982031 0.734375 0.035937 0.068750
0 0.967187 0.802344 0.065625 0.076563
1 0.913281 0.596094 0.082812 0.070312
1 0.482812 0.965625 0.081250 0.068750
1 0.547656 0.555469 0.079687 0.051562
1 0.605469 0.806250 0.051562 0.075000
1 0.700000 0.650781 0.068750 0.060937
1 0.664062 0.740625 0.065625 0.065625
