1 0.151562 0.099219 0.081250 0.073438
1 0.228906 0.171875 0.085938 0.084375
1 0.278906 0.278906 0.067187 0.070312
1 0.685156 0.016406 0.057813 0.029687
1 0.768750 0.030469 0.071875 0.057813
1 0.829688 0.030469 0.065625 0.057813
1 0.924219 0.139844 0.079687 0.076563
1 0.857031 0.250000 0.070312 0.062500
1 0.825000 0.350000 0.065625 0.078125
1 0.884375 0.415625 0.084375 0.084375
1 0.228125 0.389844 0.084375 0.082812
1 0.361719 0.432812 0.076563 0.075000
1 0.497656 0.489844 0.067187 0.051562
1 0.460156 0.509375 0.070312 0.071875
1 0.021094 0.416406 0.039062 0.089063
1 0.032031 0.470313 0.060937 0.043750
1 0.025781 0.593750 0.048438 0.087500
1 0.140625 0.611719 0.084375 0.076563
1 0.200000 0.617969 0.068750 0.079687
1 0.563281 0.638281 0.060937 0.064062
1 0.614062 0.671094 0.059375 0.064062
1 0.620313 0.544531 0.050000 0.064062
