0 0.028906 0.968750 0.054688 0.059375
0 0.945312 0.786719 0.109375 0.107813
0 0.717969 0.653125 0.082812 0.115625
0 0.822656 0.622656 0.089063 0.101562
0 0.933594 0.561719 0.132812 0.085938
1 0.871094 0.579688 0.073438 0.096875
0 0.015625 0.436719 0.028125 0.101562
0 0.011719 0.360156 0.020313 0.067187
0 0.763281 0.243750 0.160938 0.146875
1 0.434375 0.178906 0.100000 0.117188
1 0.339844 0.171094 0.089063 0.085938
0 0.990625 0.046875 0.018750 0.090625
1 0.353125 0.721875 0.081250 0.084375
1 0.257031 0.175781 0.045312 0.064062
1 0.228906 0.106250 0.076563 0.078125
1 0.532031 0.221094 0.101562 0.070312
1 0.752344 0.598437 0.095312 0.078125
0 0.356250 0.032813 0.040625 0.062500
