1 0.160156 0.722656 0.107813 0.098437
1 0.283594 0.813281 0.076563 0.064062
1 0.266406 0.884375 0.054688 0.053125
0 0.236719 0.205469 0.076563 0.076563
0 0.406250 0.198437 0.087500 0.065625
1 0.089844 0.012500 0.048438 0.021875
0 0.893750 0.214062 0.075000 0.068750
0 0.878906 0.353125 0.082812 0.056250
1 0.944531 0.793750 0.110937 0.112500
0 0.647656 0.971094 0.104688 0.057813
0 0.544531 0.960156 0.117188 0.079687
1 0.530469 0.714844 0.092188 0.104688
1 0.671875 0.731250 0.096875 0.059375
1 0.578906 0.842969 0.070312 0.060937
0 0.673438 0.099219 0.084375 0.079687
1 0.332031 0.574219 0.060937 0.045312
0 0.599219 0.245312 0.054688 0.028125
