1 0.061719 0.091406 0.120313 0.107813
1 0.660937 0.016406 0.059375 0.029687
1 0.817969 0.030469 0.073438 0.057813
1 0.681250 0.100781 0.081250 0.067187
1 0.608594 0.143750 0.073438 0.071875
1 0.481250 0.294531 0.059375 0.098437
1 0.406250 0.292187 0.087500 0.103125
1 0.294531 0.409375 0.082812 0.078125
1 0.710156 0.401562 0.064062 0.062500
1 0.676562 0.394531 0.046875 0.067187
1 0.614844 0.410938 0.064062 0.056250
1 0.660937 0.282031 0.065625 0.064062
1 0.600000 0.275000 0.046875 0.062500
1 0.236719 0.538281 0.110937 0.089063
1 0.130469 0.521094 0.104688 0.101562
1 0.185156 0.691406 0.089063 0.089063
1 0.325000 0.657031 0.112500 0.095312
1 0.687500 0.650781 0.037500 0.057813
1 0.722656 0.648438 0.067187 0.056250
1 0.332813 0.790625 0.106250 0.100000
1 0.179688 0.885938 0.090625 0.100000
1 0.023438 0.960156 0.043750 0.079687
