0 0.097656 0.092969 0.082812 0.082812
0 0.128906 0.257812 0.070312 0.084375
0 0.103125 0.171094 0.078125 0.089063
0 0.076563 0.253125 0.040625 0.087500
2 0.241406 0.261719 0.117188 0.098437
0 0.200000 0.386719 0.103125 0.085938
0 0.322656 0.449219 0.076563 0.076563
2 0.200000 0.735156 0.087500 0.082812
0 0.797656 0.539844 0.095312 0.076563
0 0.828125 0.489844 0.071875 0.067187
0 0.753906 0.653906 0.054688 0.070312
0 0.677344 0.660156 0.079687 0.095312
0 0.676562 0.560156 0.059375 0.092188
1 0.057031 0.708594 0.073438 0.064062
0 0.114062 0.442188 0.053125 0.068750
