0 0.499219 0.783594 0.079687 0.082812
0 0.545312 0.825000 0.090625 0.090625
0 0.353125 0.711719 0.075000 0.073438
0 0.339062 0.655469 0.071875 0.064062
0 0.960938 0.525000 0.078125 0.115625
0 0.927344 0.610938 0.089063 0.093750
2 0.359375 0.582031 0.056250 0.045312
0 0.750781 0.313281 0.101562 0.104688
1 0.691406 0.406250 0.101562 0.100000
0 0.669531 0.209375 0.098437 0.093750
0 0.599219 0.274219 0.104688 0.085938
0 0.705469 0.038281 0.089063 0.073438
1 0.325781 0.064062 0.073438 0.068750
0 0.784375 0.763281 0.087500 0.073438
0 0.968750 0.597656 0.059375 0.045312
1 0.630469 0.057031 0.057813 0.067187
0 0.038281 0.107813 0.073438 0.100000
0 0.121875 0.046875 0.062500 0.068750
0 0.412500 0.314063 0.046875 0.059375
0 0.506250 0.256250 0.084375 0.106250
2 0.468750 0.191406 0.090625 0.060937
