1 0.550000 0.067969 0.068750 0.060937
1 0.386719 0.148438 0.060937 0.075000
1 0.435937 0.178125 0.075000 0.053125
1 0.592187 0.192188 0.071875 0.065625
1 0.549219 0.314844 0.057813 0.070312
1 0.602344 0.334375 0.089063 0.081250
1 0.619531 0.384375 0.032813 0.046875
1 0.245312 0.631250 0.056250 0.053125
1 0.417969 0.439844 0.092188 0.098437
1 0.502344 0.533594 0.095312 0.082812
1 0.608594 0.548438 0.082812 0.084375
1 0.678906 0.422656 0.070312 0.079687
1 0.728906 0.412500 0.054688 0.071875
1 0.904687 0.750000 0.100000 0.090625
1 0.990625 0.763281 0.018750 0.098437
