0 0.203125 0.769531 0.093750 0.085938
1 0.120313 0.460938 0.071875 0.068750
1 0.095312 0.321875 0.075000 0.081250
1 0.083594 0.175000 0.079687 0.075000
0 0.766406 0.873437 0.098437 0.090625
1 0.943750 0.658594 0.068750 0.070312
0 0.965625 0.520312 0.068750 0.078125
0 0.892188 0.513281 0.062500 0.082812
0 0.796094 0.646094 0.085938 0.101562
0 0.370312 0.726562 0.078125 0.084375
0 0.447656 0.400781 0.095312 0.098437
2 0.324219 0.345313 0.089063 0.075000
1 0.081250 0.066406 0.059375 0.057813
1 0.122656 0.070312 0.035937 0.040625
1 0.593750 0.535937 0.084375 0.078125
0 0.402344 0.690625 0.039062 0.050000
0 0.510938 0.331250 0.046875 0.053125
