1 0.099219 0.919531 0.092188 0.085938
0 0.055469 0.917188 0.054688 0.075000
1 0.231250 0.928906 0.081250 0.089063
1 0.300000 0.954688 0.084375 0.090625
0 0.231250 0.823438 0.115625 0.100000
0 0.181250 0.692969 0.093750 0.085938
0 0.028906 0.795312 0.054688 0.056250
1 0.414844 0.643750 0.079687 0.090625
1 0.342187 0.448437 0.109375 0.103125
1 0.222656 0.190625 0.082812 0.078125
1 0.143750 0.030469 0.065625 0.057813
1 0.221094 0.025000 0.073438 0.046875
1 0.295312 0.019531 0.068750 0.035937
1 0.033594 0.153906 0.051562 0.064062
1 0.810156 0.972656 0.085938 0.054688
1 0.890625 0.668750 0.090625 0.090625
1 0.875781 0.731250 0.123438 0.078125
1 0.781250 0.609375 0.081250 0.090625
0 0.520312 0.469531 0.109375 0.120313
1 0.500000 0.652344 0.078125 0.095312
1 0.564063 0.657031 0.068750 0.110937
1 0.648438 0.273438 0.056250 0.043750
1 0.625000 0.225781 0.081250 0.073438
1 0.723437 0.202344 0.087500 0.082812
1 0.811719 0.104688 0.082812 0.071875
1 0.567187 0.052344 0.078125 0.082812
1 0.567969 0.097656 0.076563 0.048438
1 0.969531 0.611719 0.060937 0.085938
1 0.793750 0.266406 0.065625 0.079687
