1 0.044531 0.325000 0.085938 0.087500
1 0.199219 0.379688 0.089063 0.096875
1 0.116406 0.187500 0.070312 0.056250
1 0.180469 0.162500 0.051562 0.059375
1 0.234375 0.146875 0.065625 0.056250
1 0.252344 0.190625 0.079687 0.053125
1 0.499219 0.865625 0.101562 0.087500
1 0.610156 0.747656 0.089063 0.079687
1 0.778906 0.622656 0.060937 0.076563
1 0.906250 0.622656 0.075000 0.067187
1 0.908594 0.685156 0.076563 0.067187
1 0.977344 0.782031 0.045312 0.070312
1 0.740625 0.327344 0.081250 0.085938
1 0.937500 0.287500 0.075000 0.071875
1 0.968750 0.104688 0.059375 0.075000
1 0.975000 0.022656 0.046875 0.042188
1 0.335156 0.022656 0.070312 0.042188
1 0.337500 0.071875 0.075000 0.056250
1 0.450781 0.107813 0.064062 0.059375
1 0.535156 0.100781 0.064062 0.060937
1 0.596094 0.084375 0.070312 0.068750
1 0.743750 0.133594 0.068750 0.073438
1 0.681250 0.021875 0.075000 0.040625
1 0.797656 0.025781 0.076563 0.048438
1 0.907813 0.902344 0.059375 0.067187
1 0.675781 0.313281 0.051562 0.067187
1 0.907031 0.502344 0.054688 0.054688
0 0.015625 0.735156 0.028125 0.073438
