0 0.056250 0.077344 0.093750 0.085938
1 0.244531 0.275000 0.082812 0.084375
1 0.278906 0.371094 0.060937 0.060937
0 0.020313 0.883594 0.037500 0.089063
1 0.244531 0.490625 0.057813 0.037500
1 0.682813 0.603906 0.109375 0.107813
0 0.768750 0.822656 0.109375 0.104688
1 0.039844 0.736719 0.035937 0.057813
1 0.293750 0.635156 0.065625 0.070312
1 0.158594 0.603125 0.070312 0.056250
1 0.790625 0.317188 0.075000 0.075000
0 0.799219 0.233594 0.064062 0.073438
1 0.769531 0.118750 0.089063 0.081250
0 0.810156 0.571094 0.064062 0.082812
0 0.988281 0.028906 0.023438 0.054688
0 0.132031 0.457031 0.095312 0.045312
