1 0.015625 0.054688 0.028125 0.106250
1 0.041406 0.050000 0.076563 0.096875
1 0.032813 0.153906 0.062500 0.079687
1 0.032031 0.237500 0.060937 0.093750
1 0.073438 0.297656 0.075000 0.070312
1 0.067187 0.398438 0.075000 0.090625
1 0.017188 0.394531 0.031250 0.098437
1 0.846875 0.063281 0.065625 0.057813
1 0.894531 0.014844 0.054688 0.026562
1 0.785156 0.038281 0.110937 0.073438
1 0.703906 0.011719 0.067187 0.020313
1 0.586719 0.028125 0.079687 0.053125
1 0.566406 0.041406 0.079687 0.067187
1 0.478906 0.067187 0.073438 0.087500
1 0.542188 0.101562 0.106250 0.096875
1 0.635938 0.129688 0.078125 0.078125
1 0.536719 0.200781 0.101562 0.101562
1 0.432031 0.215625 0.085938 0.093750
