0 0.493750 0.978906 0.087500 0.039062
0 0.067187 0.792188 0.093750 0.087500
0 0.689063 0.864844 0.081250 0.079687
1 0.828125 0.335156 0.084375 0.079687
0 0.966406 0.245312 0.067187 0.068750
0 0.293750 0.189844 0.109375 0.089063
0 0.419531 0.190625 0.095312 0.068750
1 0.292969 0.122656 0.085938 0.079687
1 0.539844 0.142969 0.082812 0.073438
1 0.428125 0.077344 0.081250 0.085938
1 0.831250 0.910156 0.078125 0.073438
0 0.073438 0.681250 0.081250 0.075000
0 0.360156 0.349219 0.089063 0.073438
0 0.247656 0.296094 0.035937 0.060937
0 0.378125 0.265625 0.075000 0.065625
0 0.315625 0.025000 0.065625 0.046875
0 0.089063 0.570312 0.059375 0.050000
