0 0.033594 0.768750 0.064062 0.075000
1 0.403125 0.967969 0.068750 0.064062
0 0.472656 0.939844 0.082812 0.076563
0 0.420312 0.783594 0.100000 0.092188
0 0.477344 0.725000 0.089063 0.103125
0 0.401562 0.690625 0.084375 0.093750
0 0.689063 0.612500 0.078125 0.087500
0 0.610156 0.607812 0.079687 0.078125
0 0.560156 0.626563 0.060937 0.056250
1 0.522656 0.660937 0.085938 0.090625
1 0.726562 0.787500 0.084375 0.081250
1 0.786719 0.895312 0.089063 0.093750
1 0.883594 0.959375 0.067187 0.081250
1 0.360156 0.273438 0.079687 0.081250
1 0.564844 0.228125 0.070312 0.071875
1 0.650781 0.266406 0.073438 0.076563
1 0.663281 0.174219 0.054688 0.051562
1 0.669531 0.060937 0.076563 0.068750
1 0.746094 0.083594 0.064062 0.073438
1 0.850000 0.028906 0.084375 0.054688
1 0.966406 0.042969 0.067187 0.079687
0 0.985156 0.720313 0.029687 0.065625
1 0.829688 0.289062 0.084375 0.090625
1 0.922656 0.053125 0.057813 0.059375
1 0.937500 0.975000 0.040625 0.046875
1 0.674219 0.467969 0.051562 0.048438
1 0.689844 0.493750 0.057813 0.062500
1 0.971094 0.769531 0.057813 0.067187
