1 0.421875 0.192188 0.090625 0.090625
1 0.420312 0.316406 0.078125 0.070312
1 0.417969 0.376563 0.045312 0.068750
1 0.359375 0.435937 0.068750 0.062500
1 0.303125 0.492969 0.081250 0.092188
1 0.545312 0.569531 0.103125 0.098437
1 0.577344 0.623437 0.092188 0.087500
1 0.521094 0.448437 0.098437 0.071875
1 0.560937 0.328906 0.093750 0.076563
1 0.677344 0.325000 0.098437 0.081250
1 0.777344 0.359375 0.092188 0.096875
1 0.691406 0.239063 0.095312 0.081250
1 0.892969 0.104688 0.107813 0.112500
1 0.912500 0.233594 0.087500 0.098437
1 0.948438 0.153906 0.103125 0.098437
1 0.975781 0.296094 0.048438 0.073438
1 0.875781 0.789844 0.057813 0.082812
1 0.901563 0.835938 0.081250 0.046875
1 0.892969 0.887500 0.051562 0.065625
1 0.505469 0.778125 0.104688 0.087500
1 0.655469 0.767969 0.101562 0.101562
1 0.546875 0.946875 0.071875 0.084375
1 0.457813 0.964063 0.109375 0.071875
1 0.121094 0.950000 0.129688 0.096875
1 0.707812 0.988281 0.096875 0.023438
1 0.410938 0.957031 0.040625 0.067187
