1 0.028125 0.968750 0.053125 0.062500
1 0.364063 0.889062 0.096875 0.103125
0 0.429688 0.948438 0.106250 0.103125
1 0.092188 0.670312 0.090625 0.090625
1 0.080469 0.732812 0.079687 0.078125
0 0.012500 0.610938 0.021875 0.090625
1 0.026562 0.101562 0.050000 0.081250
0 0.769531 0.971094 0.098437 0.057813
0 0.970313 0.950781 0.059375 0.064062
1 0.915625 0.767188 0.096875 0.100000
1 0.782031 0.750781 0.051562 0.064062
1 0.772656 0.704688 0.082812 0.081250
2 0.737500 0.595313 0.100000 0.100000
0 0.664062 0.542188 0.078125 0.062500
1 0.171094 0.611719 0.064062 0.085938
0 0.990625 0.036719 0.018750 0.054688
1 0.237500 0.535156 0.078125 0.073438
