1 0.407031 0.121875 0.076563 0.068750
1 0.204687 0.231250 0.100000 0.081250
1 0.228906 0.351562 0.095312 0.084375
1 0.864844 0.017969 0.079687 0.032813
1 0.632031 0.141406 0.073438 0.060937
1 0.767188 0.293750 0.084375 0.075000
1 0.864844 0.309375 0.082812 0.081250
1 0.939063 0.334375 0.084375 0.084375
1 0.978125 0.412500 0.043750 0.081250
1 0.771875 0.365625 0.078125 0.075000
1 0.643750 0.445312 0.084375 0.084375
1 0.700000 0.415625 0.053125 0.068750
1 0.726562 0.446875 0.078125 0.071875
1 0.745313 0.502344 0.075000 0.064062
1 0.524219 0.571875 0.089063 0.078125
1 0.589063 0.446094 0.065625 0.070312
1 0.727344 0.632812 0.073438 0.065625
1 0.786719 0.629687 0.054688 0.084375
1 0.675000 0.736719 0.093750 0.073438
1 0.680469 0.784375 0.073438 0.043750
1 0.483594 0.681250 0.073438 0.071875
1 0.382812 0.749219 0.081250 0.082812
1 0.096094 0.781250 0.079687 0.081250
1 0.039062 0.812500 0.075000 0.075000
1 0.557813 0.861719 0.078125 0.073438
1 0.613281 0.921875 0.079687 0.075000
1 0.659375 0.975000 0.078125 0.050000
1 0.787500 0.942187 0.062500 0.062500
1 0.842969 0.946875 0.064062 0.068750
1 0.288281 0.971094 0.095312 0.054688
1 0.197656 0.922656 0.089063 0.095312
