1 0.018750 0.963281 0.034375 0.070312
1 0.225781 0.871094 0.060937 0.064062
1 0.314063 0.826562 0.062500 0.068750
1 0.274219 0.755469 0.067187 0.064062
1 0.212500 0.776563 0.065625 0.056250
1 0.229687 0.606250 0.075000 0.071875
1 0.410938 0.546094 0.068750 0.073438
1 0.476562 0.539062 0.065625 0.081250
1 0.450000 0.343750 0.075000 0.075000
1 0.373437 0.355469 0.078125 0.082812
1 0.285938 0.356250 0.065625 0.065625
1 0.081250 0.328125 0.053125 0.053125
1 0.030469 0.333594 0.057813 0.057813
1 0.021094 0.360156 0.039062 0.045312
1 0.027344 0.114062 0.051562 0.071875
1 0.081250 0.065625 0.071875 0.075000
1 0.392969 0.175000 0.073438 0.075000
1 0.436719 0.112500 0.067187 0.078125
1 0.477344 0.068750 0.076563 0.062500
1 0.278125 0.073438 0.075000 0.071875
1 0.358594 0.028125 0.073438 0.050000
1 0.407031 0.010156 0.073438 0.017188
1 0.265625 0.013281 0.087500 0.023438
1 0.547656 0.137500 0.073438 0.062500
1 0.577344 0.242969 0.073438 0.076563
1 0.635156 0.249219 0.060937 0.082812
1 0.789844 0.193750 0.076563 0.062500
1 0.757031 0.262500 0.092188 0.062500
1 0.884375 0.353125 0.053125 0.056250
1 0.866406 0.421094 0.073438 0.079687
1 0.913281 0.428125 0.042188 0.068750
1 0.742188 0.409375 0.084375 0.071875
1 0.955469 0.550000 0.070312 0.062500
1 0.941406 0.595313 0.076563 0.056250
1 0.764844 0.598437 0.070312 0.062500
1 0.791406 0.705469 0.054688 0.057813
1 0.839063 0.720313 0.065625 0.062500
1 0.946875 0.765625 0.059375 0.068750
1 0.978125 0.756250 0.040625 0.059375
1 0.986719 0.542969 0.026562 0.064062
1 0.138281 0.050781 0.051562 0.067187
