1 0.204687 0.105469 0.109375 0.092188
0 0.385156 0.009375 0.098437 0.015625
0 0.050000 0.501563 0.081250 0.068750
0 0.024219 0.546875 0.045312 0.068750
0 0.185156 0.574219 0.092188 0.076563
0 0.198437 0.629687 0.103125 0.084375
0 0.663281 0.425000 0.095312 0.100000
1 0.744531 0.392969 0.085938 0.089063
1 0.538281 0.471875 0.067187 0.081250
0 0.476562 0.470313 0.081250 0.084375
0 0.378906 0.329688 0.092188 0.071875
1 0.485938 0.314063 0.075000 0.081250
0 0.672656 0.623437 0.073438 0.090625
0 0.805469 0.681250 0.098437 0.087500
0 0.890625 0.684375 0.084375 0.093750
0 0.860938 0.844531 0.065625 0.067187
0 0.543750 0.707031 0.096875 0.076563
1 0.465625 0.865625 0.096875 0.093750
0 0.407031 0.831250 0.089063 0.062500
0 0.334375 0.885938 0.087500 0.084375
0 0.919531 0.195312 0.073438 0.087500
