1 0.025000 0.810937 0.046875 0.078125
1 0.094531 0.828906 0.092188 0.095312
1 0.078906 0.589844 0.098437 0.098437
1 0.021094 0.583594 0.039062 0.092188
1 0.035937 0.410938 0.068750 0.087500
1 0.066406 0.439063 0.048438 0.053125
1 0.345313 0.279687 0.075000 0.071875
1 0.225781 0.481250 0.082812 0.093750
1 0.311719 0.503906 0.095312 0.082812
1 0.276562 0.551562 0.071875 0.065625
1 0.582031 0.435156 0.110937 0.110937
1 0.782813 0.340625 0.081250 0.065625
1 0.350000 0.614844 0.084375 0.107813
1 0.385937 0.642969 0.109375 0.092188
1 0.584375 0.670312 0.084375 0.093750
1 0.685937 0.578125 0.056250 0.056250
1 0.732812 0.628906 0.059375 0.085938
1 0.771875 0.621094 0.043750 0.067187
1 0.962500 0.693750 0.075000 0.106250
1 0.845313 0.718750 0.100000 0.062500
1 0.935156 0.908594 0.092188 0.098437
1 0.738281 0.867188 0.070312 0.075000
1 0.818750 0.891406 0.106250 0.101562
1 0.467969 0.753125 0.070312 0.093750
1 0.493750 0.931250 0.081250 0.096875
1 0.600000 0.968750 0.068750 0.059375
1 0.430469 0.909375 0.120313 0.121875
1 0.374219 0.871875 0.095312 0.096875
1 0.302344 0.885156 0.067187 0.089063
1 0.131250 0.532031 0.053125 0.035937
1 0.353125 0.356250 0.062500 0.046875
