1 0.121875 0.839063 0.078125 0.068750
1 0.157031 0.697656 0.089063 0.076563
1 0.293750 0.514844 0.100000 0.104688
1 0.088281 0.613281 0.085938 0.067187
1 0.968750 0.888281 0.059375 0.110937
1 0.499219 0.065625 0.101562 0.087500
1 0.175781 0.536719 0.057813 0.039062
1 0.911719 0.101562 0.057813 0.065625
1 0.975000 0.201563 0.050000 0.028125
1 0.909375 0.602344 0.071875 0.082812
1 0.850000 0.675000 0.059375 0.075000
1 0.792969 0.670312 0.064062 0.062500
1 0.721094 0.537500 0.079687 0.043750
1 0.963281 0.585938 0.051562 0.053125
1 0.563281 0.523438 0.085938 0.103125
1 0.225781 0.753906 0.095312 0.079687
1 0.119531 0.755469 0.070312 0.067187
1 0.450781 0.832812 0.067187 0.084375
1 0.343750 0.914062 0.037500 0.062500
1 0.396094 0.948438 0.067187 0.034375
1 0.527344 0.735156 0.057813 0.060937
1 0.368750 0.264062 0.071875 0.075000
1 0.113281 0.975000 0.064062 0.050000
1 0.838281 0.460156 0.070312 0.054688
