0 0.114062 0.089063 0.081250 0.084375
1 0.150000 0.022656 0.100000 0.042188
0 0.194531 0.094531 0.098437 0.104688
1 0.251563 0.035156 0.093750 0.067187
1 0.196094 0.171875 0.110937 0.078125
1 0.321875 0.420312 0.087500 0.090625
1 0.041406 0.648438 0.079687 0.131250
1 0.363281 0.715625 0.089063 0.093750
1 0.354687 0.580469 0.065625 0.060937
1 0.417187 0.542969 0.093750 0.076563
1 0.214844 0.864062 0.117188 0.106250
0 0.508594 0.760156 0.070312 0.079687
0 0.457813 0.789062 0.062500 0.071875
0 0.448437 0.881250 0.056250 0.062500
1 0.493750 0.925000 0.068750 0.062500
1 0.426563 0.968750 0.059375 0.062500
1 0.918750 0.907031 0.106250 0.098437
1 0.981250 0.728906 0.037500 0.070312
0 0.984375 0.042188 0.031250 0.081250
0 0.957812 0.028125 0.046875 0.053125
0 0.521875 0.617969 0.068750 0.045312
