1 0.065625 0.371094 0.103125 0.104688
1 0.173437 0.067187 0.093750 0.096875
1 0.033594 0.014063 0.064062 0.025000
1 0.903125 0.071875 0.103125 0.090625
1 0.984375 0.396875 0.031250 0.081250
1 0.928906 0.395313 0.076563 0.078125
1 0.940625 0.513281 0.103125 0.098437
1 0.364844 0.852344 0.120313 0.107813
1 0.108594 0.788281 0.117188 0.117188
1 0.062500 0.750000 0.121875 0.131250
1 0.022656 0.775781 0.042188 0.098437
1 0.394531 0.621094 0.120313 0.120313
1 0.479687 0.700000 0.112500 0.118750
1 0.332813 0.654687 0.090625 0.078125
1 0.120313 0.640625 0.112500 0.093750
1 0.058594 0.651563 0.029687 0.078125
1 0.035156 0.505469 0.067187 0.085938
1 0.089844 0.550781 0.126562 0.120313
1 0.160938 0.517188 0.071875 0.093750
1 0.300781 0.556250 0.067187 0.062500
1 0.417969 0.360156 0.095312 0.095312
1 0.342969 0.345313 0.073438 0.068750
1 0.303125 0.252344 0.075000 0.073438
1 0.190625 0.247656 0.046875 0.051562
1 0.432812 0.203125 0.087500 0.093750
1 0.322656 0.125781 0.089063 0.073438
1 0.364844 0.029687 0.067187 0.056250
1 0.429688 0.026562 0.059375 0.050000
1 0.423438 0.531250 0.037500 0.031250
1 0.839063 0.059375 0.043750 0.075000
1 0.484375 0.942187 0.025000 0.062500
1 0.141406 0.382812 0.070312 0.050000
