1 0.483594 0.988281 0.076563 0.023438
0 0.734375 0.821094 0.084375 0.085938
0 0.729688 0.701562 0.093750 0.087500
1 0.293750 0.771875 0.087500 0.081250
0 0.610938 0.593750 0.103125 0.100000
0 0.822656 0.498437 0.101562 0.093750
0 0.794531 0.446875 0.076563 0.068750
0 0.910937 0.424219 0.109375 0.095312
0 0.023438 0.252344 0.043750 0.107813
0 0.099219 0.423438 0.095312 0.109375
1 0.267188 0.435156 0.115625 0.098437
1 0.443750 0.310937 0.087500 0.078125
1 0.388281 0.253906 0.089063 0.092188
1 0.471875 0.178125 0.106250 0.106250
1 0.571094 0.334375 0.079687 0.081250
1 0.495312 0.031250 0.128125 0.059375
1 0.825781 0.341406 0.101562 0.073438
1 0.850781 0.273438 0.098437 0.081250
1 0.795312 0.201563 0.100000 0.106250
1 0.703125 0.282031 0.075000 0.070312
0 0.823438 0.155469 0.059375 0.054688
1 0.987500 0.145313 0.021875 0.090625
1 0.964063 0.065625 0.068750 0.068750
1 0.962500 0.016406 0.075000 0.029687
1 0.976562 0.512500 0.043750 0.075000
