0 0.342969 0.007031 0.085938 0.010937
0 0.269531 0.028906 0.079687 0.054688
0 0.200000 0.013281 0.084375 0.023438
0 0.109375 0.067969 0.093750 0.085938
0 0.032813 0.068750 0.062500 0.087500
2 0.984375 0.034375 0.028125 0.065625
2 0.914062 0.035156 0.100000 0.067187
2 0.764062 0.065625 0.090625 0.084375
2 0.803906 0.134375 0.095312 0.121875
2 0.845313 0.166406 0.065625 0.089063
2 0.908594 0.142969 0.095312 0.107813
0 0.939844 0.426563 0.095312 0.084375
2 0.796094 0.512500 0.126562 0.112500
0 0.745313 0.337500 0.109375 0.100000
2 0.823438 0.280469 0.109375 0.114062
2 0.962500 0.727344 0.071875 0.114062
0 0.532813 0.513281 0.053125 0.076563
