0 0.291406 0.035156 0.120313 0.067187
0 0.436719 0.070312 0.057813 0.096875
0 0.385156 0.053906 0.107813 0.104688
0 0.664062 0.035156 0.078125 0.067187
0 0.517969 0.058594 0.064062 0.070312
0 0.554688 0.093750 0.084375 0.071875
0 0.697656 0.199219 0.082812 0.089063
0 0.589844 0.147656 0.060937 0.057813
0 0.525000 0.181250 0.065625 0.081250
0 0.567187 0.211719 0.090625 0.092188
0 0.417969 0.192969 0.123438 0.117188
0 0.301563 0.236719 0.121875 0.110937
0 0.341406 0.156250 0.082812 0.059375
2 0.414844 0.306250 0.107813 0.096875
2 0.413281 0.375781 0.132812 0.104688
0 0.287500 0.375781 0.037500 0.054688
0 0.589063 0.332031 0.075000 0.079687
0 0.025000 0.967969 0.046875 0.060937
0 0.415625 0.754687 0.062500 0.090625
0 0.625781 0.978906 0.042188 0.039062
0 0.915625 0.867969 0.037500 0.032813
0 0.666406 0.501563 0.076563 0.071875
0 0.617969 0.395313 0.045312 0.087500
