0 0.202344 0.016406 0.092188 0.029687
0 0.159375 0.678906 0.078125 0.079687
0 0.278125 0.532813 0.081250 0.075000
0 0.233594 0.968750 0.107813 0.062500
0 0.107813 0.933594 0.078125 0.085938
0 0.685937 0.897656 0.115625 0.114062
0 0.897656 0.928906 0.092188 0.092188
0 0.899219 0.853906 0.070312 0.073438
0 0.645312 0.613281 0.093750 0.079687
0 0.628125 0.537500 0.093750 0.087500
0 0.528906 0.472656 0.120313 0.114062
0 0.514062 0.587500 0.068750 0.084375
1 0.836719 0.348438 0.070312 0.059375
0 0.385937 0.075781 0.090625 0.089063
1 0.482031 0.085156 0.089063 0.085938
0 0.753906 0.035156 0.098437 0.067187
0 0.827344 0.030469 0.073438 0.057813
1 0.833594 0.068750 0.085938 0.078125
1 0.718750 0.065625 0.100000 0.096875
1 0.737500 0.159375 0.100000 0.093750
0 0.321094 0.023438 0.085938 0.043750
0 0.019531 0.922656 0.035937 0.073438
