0 0.144531 0.934375 0.104688 0.112500
0 0.039844 0.906250 0.076563 0.081250
0 0.127344 0.762500 0.107813 0.106250
1 0.064062 0.501563 0.103125 0.078125
1 0.227344 0.503125 0.076563 0.075000
1 0.374219 0.610156 0.089063 0.101562
1 0.330469 0.734375 0.079687 0.078125
0 0.409375 0.735156 0.087500 0.089063
0 0.437500 0.826562 0.093750 0.093750
1 0.922656 0.751563 0.067187 0.071875
0 0.892969 0.766406 0.067187 0.076563
1 0.180469 0.596094 0.085938 0.085938
0 0.659375 0.120313 0.075000 0.075000
1 0.817969 0.883594 0.060937 0.070312
