1 0.491406 0.820312 0.048438 0.068750
1 0.245312 0.567187 0.084375 0.068750
1 0.598437 0.485156 0.081250 0.076563
1 0.543750 0.407813 0.062500 0.068750
1 0.664062 0.414844 0.071875 0.067187
1 0.739062 0.399219 0.065625 0.079687
1 0.801562 0.471875 0.081250 0.078125
1 0.917188 0.407813 0.087500 0.078125
1 0.908594 0.042969 0.095312 0.082812
1 0.869531 0.107031 0.089063 0.089063
1 0.991406 0.231250 0.014063 0.071875
1 0.014063 0.581250 0.025000 0.075000
1 0.054688 0.546094 0.062500 0.057813
1 0.146094 0.460156 0.085938 0.076563
