1 0.576562 0.133594 0.081250 0.079687
1 0.402344 0.157031 0.073438 0.070312
1 0.349219 0.487500 0.082812 0.075000
1 0.316406 0.523438 0.085938 0.071875
1 0.884375 0.608594 0.081250 0.085938
1 0.128906 0.825781 0.076563 0.079687
1 0.013281 0.807031 0.023438 0.076563
1 0.239063 0.883594 0.106250 0.089063
1 0.592187 0.897656 0.090625 0.095312
1 0.452344 0.968750 0.082812 0.040625
1 0.680469 0.931250 0.085938 0.075000
1 0.766406 0.926562 0.082812 0.071875
1 0.732031 0.972656 0.076563 0.054688
1 0.361719 0.848437 0.076563 0.078125
