1 0.209375 0.793750 0.100000 0.106250
1 0.033594 0.530469 0.064062 0.095312
1 0.121875 0.331250 0.084375 0.081250
1 0.079687 0.054688 0.093750 0.087500
1 0.554688 0.103906 0.103125 0.076563
1 0.921094 0.084375 0.095312 0.096875
1 0.635938 0.382031 0.106250 0.107813
1 0.826562 0.327344 0.078125 0.073438
0 0.771875 0.452344 0.121875 0.120313
1 0.502344 0.435937 0.070312 0.096875
1 0.978906 0.749219 0.039062 0.092188
1 0.692187 0.613281 0.106250 0.104688
1 0.631250 0.673438 0.096875 0.081250
1 0.450000 0.642969 0.112500 0.110937
1 0.409375 0.943750 0.100000 0.096875
1 0.802344 0.776563 0.067187 0.059375
0 0.861719 0.957812 0.107813 0.084375
1 0.750000 0.861719 0.062500 0.079687
1 0.963281 0.188281 0.073438 0.070312
