1 0.070312 0.985156 0.084375 0.029687
0 0.160938 0.977344 0.103125 0.045312
0 0.762500 0.985938 0.081250 0.025000
1 0.349219 0.977344 0.079687 0.045312
0 0.522656 0.667188 0.101562 0.096875
1 0.673438 0.760156 0.103125 0.085938
1 0.033594 0.606250 0.064062 0.096875
1 0.627344 0.135156 0.101562 0.101562
1 0.616406 0.017188 0.107813 0.031250
1 0.335156 0.171875 0.060937 0.075000
0 0.967187 0.060937 0.065625 0.084375
1 0.483594 0.957031 0.110937 0.082812
1 0.864844 0.449219 0.095312 0.089063
0 0.878906 0.518750 0.082812 0.068750
0 0.964063 0.448437 0.068750 0.093750
0 0.983594 0.348438 0.032813 0.100000
0 0.950781 0.696094 0.076563 0.076563
0 0.555469 0.748437 0.098437 0.053125
