1 0.881250 0.160156 0.087500 0.082812
1 0.929688 0.322656 0.087500 0.085938
1 0.881250 0.486719 0.034375 0.048438
1 0.842187 0.525781 0.100000 0.101562
1 0.725000 0.567187 0.087500 0.093750
1 0.852344 0.590625 0.085938 0.065625
1 0.878125 0.635938 0.075000 0.071875
1 0.971094 0.646875 0.057813 0.090625
1 0.734375 0.718750 0.062500 0.075000
1 0.817969 0.715625 0.098437 0.093750
1 0.984375 0.750781 0.031250 0.082812
1 0.769531 0.789062 0.076563 0.078125
1 0.642969 0.827344 0.107813 0.110937
1 0.419531 0.800000 0.085938 0.090625
1 0.755469 0.857812 0.070312 0.053125
1 0.865625 0.932031 0.078125 0.067187
1 0.809375 0.964844 0.087500 0.070312
1 0.987500 0.229687 0.025000 0.078125
