2 0.927344 0.838281 0.048438 0.039062
0 0.858594 0.758594 0.035937 0.032813
0 0.828906 0.787500 0.045312 0.037500
0 0.875781 0.842969 0.042188 0.023438
0 0.843750 0.868750 0.037500 0.043750
0 0.893750 0.963281 0.031250 0.032813
0 0.864844 0.941406 0.026562 0.029687
0 0.767969 0.898438 0.039062 0.034375
0 0.748437 0.916406 0.034375 0.035937
0 0.764844 0.821875 0.039062 0.037500
2 0.569531 0.840625 0.048438 0.043750
0 0.590625 0.863281 0.040625 0.045312
2 0.381250 0.746875 0.053125 0.050000
0 0.397656 0.793750 0.039062 0.043750
0 0.428125 0.809375 0.046875 0.037500
2 0.354687 0.800781 0.031250 0.042188
0 0.389844 0.378125 0.042188 0.043750
0 0.417187 0.410938 0.034375 0.037500
0 0.386719 0.424219 0.035937 0.045312
0 0.355469 0.425000 0.042188 0.050000
0 0.315625 0.441406 0.040625 0.042188
0 0.301563 0.618750 0.046875 0.050000
0 0.312500 0.664062 0.043750 0.046875
0 0.363281 0.655469 0.042188 0.048438
0 0.407813 0.672656 0.046875 0.045312
0 0.248438 0.965625 0.050000 0.050000
0 0.013281 0.712500 0.023438 0.046875
0 0.043750 0.723437 0.046875 0.053125
0 0.099219 0.628906 0.045312 0.032813
0 0.130469 0.609375 0.035937 0.028125
0 0.112500 0.585938 0.034375 0.031250
0 0.234375 0.576562 0.046875 0.050000
0 0.391406 0.551562 0.048438 0.034375
0 0.396094 0.578906 0.035937 0.023438
0 0.348438 0.543750 0.031250 0.037500
0 0.189844 0.721094 0.048438 0.048438
0 0.514062 0.706250 0.037500 0.031250
0 0.212500 0.397656 0.043750 0.032813
0 0.247656 0.383594 0.026562 0.042188
