1 0.319531 0.955469 0.089063 0.085938
1 0.263281 0.870313 0.070312 0.068750
1 0.122656 0.866406 0.064062 0.067187
1 0.078906 0.762500 0.064062 0.071875
1 0.015625 0.867188 0.028125 0.062500
1 0.010156 0.192188 0.017188 0.075000
1 0.124219 0.292969 0.076563 0.082812
1 0.027344 0.104688 0.051562 0.071875
1 0.355469 0.044531 0.110937 0.085938
1 0.350000 0.345313 0.075000 0.078125
1 0.671875 0.892969 0.093750 0.104688
1 0.842187 0.900781 0.071875 0.098437
1 0.503125 0.646875 0.050000 0.068750
1 0.458594 0.682813 0.048438 0.040625
1 0.930469 0.688281 0.073438 0.064062
