1 0.381250 0.146094 0.087500 0.079687
1 0.418750 0.023438 0.084375 0.043750
1 0.317188 0.167969 0.093750 0.089063
1 0.180469 0.275000 0.098437 0.090625
1 0.329688 0.345313 0.090625 0.084375
1 0.185938 0.815625 0.106250 0.081250
1 0.103906 0.761719 0.076563 0.064062
1 0.253125 0.851562 0.087500 0.071875
1 0.263281 0.910937 0.085938 0.065625
1 0.164844 0.893750 0.085938 0.075000
1 0.214062 0.948438 0.078125 0.078125
1 0.136719 0.007031 0.076563 0.010937
1 0.122656 0.029687 0.073438 0.056250
1 0.343750 0.244531 0.068750 0.060937
1 0.014063 0.968750 0.025000 0.059375
