1 0.500000 0.725000 0.065625 0.093750
0 0.247656 0.541406 0.073438 0.082812
0 0.971094 0.371094 0.054688 0.114062
0 0.966406 0.227344 0.067187 0.076563
0 0.897656 0.321875 0.095312 0.128125
0 0.835156 0.427344 0.101562 0.101562
0 0.745313 0.397656 0.090625 0.098437
0 0.583594 0.307031 0.101562 0.107813
0 0.535937 0.232813 0.115625 0.100000
1 0.492969 0.268750 0.079687 0.084375
1 0.389062 0.200000 0.081250 0.078125
0 0.388281 0.092188 0.079687 0.084375
0 0.480469 0.089063 0.067187 0.075000
0 0.432031 0.020313 0.089063 0.037500
1 0.553125 0.623437 0.081250 0.075000
1 0.023438 0.309375 0.043750 0.121875
1 0.039844 0.482031 0.076563 0.139063
1 0.126562 0.407031 0.087500 0.092188
1 0.199219 0.446875 0.126562 0.109375
1 0.163281 0.503906 0.120313 0.082812
1 0.418750 0.696875 0.056250 0.078125
