1 0.307812 0.974219 0.081250 0.051562
1 0.364063 0.987500 0.059375 0.021875
1 0.234375 0.989062 0.065625 0.021875
1 0.590625 0.167187 0.075000 0.078125
1 0.682031 0.153125 0.082812 0.081250
1 0.592969 0.245312 0.076563 0.071875
1 0.534375 0.274219 0.065625 0.067187
1 0.794531 0.040625 0.082812 0.078125
1 0.927344 0.070312 0.085938 0.096875
1 0.914844 0.139063 0.048438 0.046875
1 0.859375 0.093750 0.059375 0.071875
1 0.965625 0.125000 0.068750 0.090625
1 0.985938 0.353906 0.028125 0.098437
1 0.934375 0.419531 0.065625 0.060937
1 0.962500 0.506250 0.075000 0.068750
1 0.800781 0.621875 0.098437 0.084375
1 0.734375 0.582031 0.087500 0.089063
1 0.975000 0.762500 0.050000 0.068750
