1 0.067969 0.717187 0.064062 0.065625
1 0.149219 0.705469 0.060937 0.073438
1 0.202344 0.739062 0.082812 0.103125
1 0.190625 0.362500 0.075000 0.075000
1 0.194531 0.159375 0.070312 0.081250
1 0.232031 0.206250 0.073438 0.065625
1 0.383594 0.882812 0.101562 0.093750
1 0.585938 0.657031 0.084375 0.073438
1 0.667969 0.608594 0.085938 0.070312
1 0.652344 0.545312 0.085938 0.081250
1 0.803125 0.542969 0.075000 0.076563
1 0.450781 0.466406 0.073438 0.073438
1 0.374219 0.467969 0.070312 0.073438
1 0.320312 0.199219 0.062500 0.070312
1 0.360938 0.211719 0.065625 0.079687
1 0.450000 0.035937 0.090625 0.068750
1 0.526563 0.015625 0.100000 0.028125
1 0.989062 0.611719 0.018750 0.079687
1 0.113281 0.217188 0.045312 0.056250
1 0.492969 0.341406 0.051562 0.064062
1 0.759375 0.243750 0.050000 0.065625
1 0.791406 0.255469 0.039062 0.051562
