1 0.242969 0.335156 0.095312 0.089063
1 0.292187 0.409375 0.103125 0.093750
1 0.383594 0.460938 0.082812 0.075000
1 0.319531 0.492188 0.085938 0.078125
1 0.043750 0.687500 0.084375 0.096875
1 0.122656 0.762500 0.089063 0.087500
1 0.089063 0.685937 0.062500 0.084375
1 0.232813 0.741406 0.084375 0.085938
1 0.178125 0.810156 0.093750 0.095312
1 0.399219 0.806250 0.095312 0.087500
1 0.374219 0.760938 0.095312 0.084375
1 0.360938 0.641406 0.078125 0.073438
1 0.435937 0.882812 0.059375 0.075000
1 0.551562 0.839063 0.096875 0.090625
1 0.756250 0.983594 0.100000 0.032813
1 0.822656 0.971094 0.060937 0.054688
1 0.696875 0.922656 0.103125 0.085938
1 0.646094 0.970313 0.092188 0.059375
1 0.989844 0.648438 0.020313 0.068750
1 0.903125 0.615625 0.068750 0.059375
1 0.776563 0.683594 0.081250 0.073438
1 0.823438 0.687500 0.050000 0.059375
1 0.211719 0.626563 0.092188 0.090625
1 0.244531 0.573438 0.082812 0.106250
1 0.578906 0.792969 0.054688 0.051562
1 0.592187 0.758594 0.031250 0.054688
1 0.988281 0.690625 0.020313 0.034375
1 0.956250 0.598437 0.059375 0.062500
