0 0.065625 0.050781 0.084375 0.079687
0 0.080469 0.182812 0.114062 0.115625
0 0.031250 0.584375 0.059375 0.118750
0 0.042188 0.422656 0.081250 0.117188
0 0.092969 0.286719 0.095312 0.101562
0 0.191406 0.284375 0.101562 0.109375
0 0.330469 0.039062 0.110937 0.075000
0 0.403906 0.076563 0.085938 0.103125
0 0.498437 0.084375 0.093750 0.106250
0 0.528906 0.108594 0.079687 0.067187
0 0.671094 0.083594 0.126562 0.114062
0 0.610938 0.024219 0.068750 0.045312
0 0.546875 0.236719 0.059375 0.098437
0 0.417187 0.207031 0.056250 0.051562
0 0.622656 0.239844 0.123438 0.142187
0 0.264062 0.408594 0.100000 0.107813
0 0.282031 0.510156 0.117188 0.126562
0 0.425000 0.507031 0.100000 0.101562
0 0.139063 0.653906 0.087500 0.089063
0 0.655469 0.332031 0.057813 0.082812
0 0.678125 0.396094 0.093750 0.145313
0 0.744531 0.393750 0.120313 0.118750
0 0.662500 0.640625 0.075000 0.071875
0 0.411719 0.656250 0.107813 0.121875
0 0.485156 0.682813 0.079687 0.090625
0 0.313281 0.676562 0.098437 0.109375
0 0.291406 0.807813 0.120313 0.121875
0 0.417969 0.765625 0.089063 0.096875
0 0.436719 0.870313 0.057813 0.096875
0 0.385156 0.848437 0.107813 0.115625
0 0.595313 0.753906 0.093750 0.095312
0 0.662500 0.826562 0.081250 0.084375
0 0.517969 0.858594 0.064062 0.070312
0 0.554688 0.893750 0.084375 0.071875
0 0.692969 0.978906 0.082812 0.042188
0 0.589844 0.947656 0.060937 0.057813
0 0.525000 0.970313 0.065625 0.059375
0 0.567187 0.982031 0.090625 0.032813
0 0.417969 0.967187 0.123438 0.065625
0 0.341406 0.956250 0.082812 0.059375
0 0.973437 0.057031 0.053125 0.079687
