0 0.364844 0.962500 0.098437 0.075000
0 0.963281 0.934375 0.070312 0.087500
0 0.826562 0.931250 0.106250 0.096875
1 0.683594 0.879687 0.107813 0.100000
0 0.629687 0.780469 0.115625 0.107813
0 0.709375 0.634375 0.093750 0.084375
0 0.010156 0.203125 0.017188 0.068750
0 0.831250 0.481250 0.106250 0.100000
0 0.600000 0.582812 0.081250 0.081250
0 0.866406 0.096875 0.104688 0.106250
0 0.811719 0.093750 0.076563 0.096875
0 0.653906 0.065625 0.082812 0.075000
0 0.939844 0.284375 0.092188 0.090625
0 0.903125 0.348438 0.084375 0.056250
1 0.882812 0.412500 0.112500 0.084375
1 0.921094 0.579688 0.079687 0.084375
0 0.878125 0.166406 0.043750 0.039062
