0 0.047656 0.398438 0.092188 0.103125
1 0.016406 0.921094 0.029687 0.079687
1 0.145313 0.789062 0.071875 0.071875
1 0.355469 0.660937 0.104688 0.096875
1 0.299219 0.621875 0.073438 0.078125
1 0.368750 0.570312 0.106250 0.084375
1 0.441406 0.589844 0.101562 0.076563
0 0.421875 0.190625 0.125000 0.134375
1 0.232031 0.232031 0.110937 0.114062
1 0.167187 0.268750 0.081250 0.100000
1 0.095312 0.292969 0.093750 0.095312
1 0.150781 0.042188 0.067187 0.081250
1 0.114062 0.141406 0.043750 0.060937
1 0.142187 0.161719 0.046875 0.082812
1 0.068750 0.550000 0.087500 0.050000
1 0.095312 0.735156 0.056250 0.092188
1 0.233594 0.897656 0.082812 0.067187
0 0.524219 0.222656 0.101562 0.117188
