1 0.051562 0.733594 0.068750 0.092188
1 0.031250 0.571875 0.059375 0.075000
1 0.082812 0.546094 0.071875 0.048438
1 0.613281 0.540625 0.082812 0.081250
1 0.688281 0.491406 0.060937 0.067187
1 0.514844 0.281250 0.067187 0.075000
1 0.453906 0.314063 0.079687 0.078125
1 0.943750 0.860938 0.078125 0.093750
1 0.974219 0.525000 0.051562 0.084375
1 0.973437 0.428125 0.053125 0.087500
1 0.902344 0.478125 0.089063 0.087500
1 0.263281 0.148438 0.054688 0.075000
1 0.689844 0.363281 0.073438 0.060937
1 0.367188 0.687500 0.059375 0.078125
