1 0.017969 0.821094 0.032813 0.120313
0 0.150000 0.309375 0.090625 0.093750
0 0.273438 0.195312 0.096875 0.115625
1 0.280469 0.045312 0.117188 0.087500
0 0.678906 0.975000 0.095312 0.050000
0 0.568750 0.954688 0.087500 0.090625
0 0.716406 0.805469 0.085938 0.079687
0 0.629687 0.789844 0.093750 0.101562
1 0.385937 0.379688 0.087500 0.115625
1 0.497656 0.510938 0.098437 0.100000
0 0.407813 0.590625 0.109375 0.093750
0 0.365625 0.532031 0.096875 0.098437
0 0.507812 0.308594 0.090625 0.098437
0 0.508594 0.222656 0.092188 0.085938
1 0.244531 0.817969 0.060937 0.085938
