0 0.237500 0.010937 0.090625 0.018750
0 0.356250 0.017969 0.068750 0.032813
0 0.460156 0.017969 0.104688 0.032813
1 0.481250 0.129688 0.087500 0.090625
1 0.417969 0.185938 0.104688 0.109375
0 0.150000 0.917969 0.087500 0.092188
0 0.110937 0.914062 0.078125 0.081250
1 0.209375 0.821094 0.090625 0.095312
0 0.330469 0.760156 0.098437 0.073438
1 0.320312 0.817187 0.103125 0.043750
0 0.687500 0.835156 0.096875 0.089063
0 0.657031 0.714063 0.101562 0.093750
1 0.717187 0.657031 0.093750 0.089063
1 0.803125 0.676562 0.068750 0.081250
1 0.583594 0.748437 0.073438 0.081250
1 0.523438 0.734375 0.068750 0.071875
1 0.463281 0.758594 0.085938 0.110937
0 0.547656 0.660156 0.092188 0.089063
1 0.603906 0.546094 0.120313 0.092188
1 0.589844 0.450000 0.114062 0.103125
1 0.971094 0.247656 0.057813 0.092188
0 0.882031 0.211719 0.085938 0.082812
1 0.282031 0.492969 0.076563 0.082812
