1 0.021094 0.539844 0.039062 0.070312
1 0.211719 0.611719 0.064062 0.079687
1 0.264844 0.617969 0.051562 0.076563
1 0.553125 0.966406 0.084375 0.067187
1 0.694531 0.785937 0.079687 0.087500
1 0.821875 0.697656 0.084375 0.085938
1 0.879687 0.588281 0.075000 0.082812
1 0.961719 0.582031 0.073438 0.082812
1 0.944531 0.460156 0.067187 0.067187
1 0.874219 0.472656 0.076563 0.073438
1 0.850781 0.390625 0.082812 0.065625
1 0.371094 0.625000 0.073438 0.065625
1 0.381250 0.571094 0.065625 0.067187
1 0.364844 0.423438 0.076563 0.081250
1 0.445312 0.305469 0.087500 0.073438
1 0.543750 0.243750 0.090625 0.090625
1 0.572656 0.370312 0.079687 0.084375
1 0.657031 0.392188 0.089063 0.100000
1 0.721875 0.304688 0.084375 0.081250
1 0.788281 0.260937 0.089063 0.087500
1 0.979688 0.071875 0.040625 0.084375
1 0.876563 0.196094 0.084375 0.073438
1 0.960156 0.260937 0.048438 0.050000
1 0.344531 0.928125 0.057813 0.059375
1 0.289062 0.918750 0.062500 0.059375
1 0.835938 0.037500 0.037500 0.062500
