1 0.887500 0.037500 0.084375 0.071875
1 0.930469 0.107031 0.095312 0.092188
1 0.978906 0.157031 0.039062 0.076563
1 0.125781 0.058594 0.079687 0.076563
1 0.014063 0.027344 0.025000 0.051562
1 0.515625 0.198437 0.065625 0.062500
1 0.443750 0.405469 0.075000 0.067187
1 0.151562 0.500000 0.078125 0.053125
1 0.685937 0.364063 0.068750 0.053125
1 0.618750 0.454688 0.043750 0.059375
1 0.735156 0.493750 0.070312 0.065625
1 0.921094 0.593750 0.095312 0.081250
1 0.792969 0.690625 0.082812 0.081250
1 0.976562 0.824219 0.043750 0.082812
1 0.911719 0.832812 0.082812 0.078125
1 0.821094 0.916406 0.060937 0.054688
1 0.742969 0.966406 0.142187 0.054688
1 0.975000 0.713281 0.050000 0.042188
1 0.916406 0.496875 0.098437 0.090625
1 0.982031 0.481250 0.032813 0.059375
