1 0.078125 0.646875 0.093750 0.093750
1 0.179688 0.639844 0.071875 0.070312
1 0.200781 0.592969 0.051562 0.060937
1 0.262500 0.753906 0.065625 0.073438
1 0.067187 0.797656 0.043750 0.035937
1 0.175781 0.419531 0.054688 0.092188
1 0.154688 0.340625 0.065625 0.068750
1 0.143750 0.255469 0.081250 0.089063
1 0.067969 0.255469 0.082812 0.085938
1 0.037500 0.321875 0.053125 0.075000
1 0.135156 0.157812 0.073438 0.075000
1 0.241406 0.175781 0.095312 0.098437
1 0.276562 0.228906 0.043750 0.064062
1 0.232031 0.270313 0.082812 0.090625
1 0.359375 0.012500 0.084375 0.021875
1 0.402344 0.035156 0.082812 0.067187
1 0.353906 0.136719 0.085938 0.095312
1 0.448437 0.195312 0.084375 0.087500
1 0.421875 0.264844 0.075000 0.048438
1 0.356250 0.248438 0.053125 0.065625
1 0.375781 0.351562 0.073438 0.040625
1 0.436719 0.321094 0.079687 0.085938
1 0.396875 0.446875 0.081250 0.053125
1 0.632812 0.215625 0.084375 0.062500
1 0.624219 0.268750 0.079687 0.065625
1 0.514062 0.341406 0.062500 0.064062
1 0.429688 0.651563 0.075000 0.062500
1 0.421875 0.733594 0.050000 0.057813
1 0.792188 0.727344 0.068750 0.051562
1 0.723437 0.753125 0.081250 0.068750
1 0.607031 0.791406 0.067187 0.039062
1 0.686719 0.806250 0.070312 0.050000
1 0.720313 0.938281 0.065625 0.070312
1 0.029687 0.971875 0.056250 0.053125
1 0.875781 0.962500 0.060937 0.059375
1 0.932031 0.386719 0.092188 0.101562
1 0.883594 0.525781 0.042188 0.064062
1 0.939063 0.011719 0.065625 0.020313
1 0.882812 0.012500 0.056250 0.021875
1 0.839063 0.011719 0.043750 0.020313
