1 0.324219 0.037500 0.126562 0.071875
1 0.073438 0.087500 0.050000 0.071875
1 0.036719 0.150000 0.070312 0.093750
1 0.126562 0.157812 0.078125 0.081250
1 0.042188 0.303906 0.081250 0.120313
1 0.675781 0.546875 0.089063 0.118750
1 0.850781 0.966406 0.114062 0.067187
1 0.332031 0.589063 0.092188 0.068750
1 0.379688 0.646094 0.103125 0.098437
1 0.580469 0.680469 0.132812 0.132812
1 0.588281 0.812500 0.126562 0.134375
1 0.482812 0.752344 0.115625 0.073438
1 0.282031 0.734375 0.120313 0.125000
1 0.203125 0.743750 0.109375 0.109375
1 0.382812 0.826562 0.096875 0.109375
1 0.401562 0.885156 0.053125 0.079687
1 0.312500 0.884375 0.084375 0.081250
1 0.235156 0.973437 0.139063 0.053125
1 0.207031 0.943750 0.095312 0.093750
1 0.478125 0.903906 0.100000 0.126562
1 0.297656 0.473438 0.067187 0.065625
1 0.089844 0.277344 0.054688 0.070312
1 0.037500 0.014844 0.053125 0.026562
1 0.073438 0.189844 0.050000 0.048438
1 0.762500 0.459375 0.078125 0.118750
1 0.415625 0.969531 0.075000 0.045312
