0 0.142969 0.771094 0.142187 0.132812
1 0.085938 0.649219 0.128125 0.139063
2 0.117969 0.243750 0.148438 0.140625
1 0.060156 0.401562 0.117188 0.146875
0 0.036719 0.473438 0.070312 0.096875
0 0.033594 0.122656 0.064062 0.123438
0 0.011719 0.032031 0.020313 0.060937
1 0.539844 0.762500 0.079687 0.071875
1 0.503906 0.682813 0.089063 0.100000
1 0.473438 0.584375 0.090625 0.100000
1 0.411719 0.421875 0.085938 0.087500
0 0.544531 0.328906 0.089063 0.098437
0 0.499219 0.282031 0.095312 0.092188
1 0.376563 0.323437 0.081250 0.062500
0 0.336719 0.329688 0.057813 0.071875
1 0.271875 0.167187 0.081250 0.093750
0 0.384375 0.151562 0.100000 0.096875
0 0.425000 0.218750 0.075000 0.100000
0 0.571094 0.243750 0.076563 0.071875
1 0.335156 0.034375 0.095312 0.065625
0 0.049219 0.600000 0.085938 0.075000
2 0.152344 0.060937 0.142187 0.118750
0 0.041406 0.035937 0.060937 0.062500
0 0.200000 0.133594 0.078125 0.079687
1 0.449219 0.460938 0.076563 0.075000
1 0.427344 0.650000 0.045312 0.075000
0 0.212500 0.627344 0.062500 0.076563
0 0.266406 0.886719 0.032813 0.035937
