1 0.517969 0.912500 0.095312 0.078125
1 0.591406 0.905469 0.079687 0.085938
1 0.501563 0.795312 0.078125 0.053125
1 0.671875 0.789062 0.034375 0.084375
1 0.629687 0.753906 0.043750 0.039062
1 0.710156 0.765625 0.082812 0.093750
1 0.802344 0.723437 0.079687 0.053125
1 0.708594 0.361719 0.082812 0.082812
1 0.789844 0.427344 0.060937 0.070312
1 0.656250 0.436719 0.078125 0.089063
1 0.691406 0.538281 0.039062 0.067187
1 0.885156 0.538281 0.070312 0.045312
1 0.911719 0.384375 0.079687 0.087500
1 0.938281 0.302344 0.082812 0.095312
1 0.911719 0.248438 0.045312 0.065625
1 0.958594 0.209375 0.057813 0.068750
1 0.991406 0.310156 0.017188 0.073438
