1 0.092188 0.071094 0.071875 0.073438
1 0.232031 0.065625 0.079687 0.084375
1 0.151562 0.244531 0.100000 0.095312
1 0.097656 0.182031 0.060937 0.054688
1 0.092188 0.310156 0.065625 0.076563
1 0.103125 0.405469 0.090625 0.095312
1 0.160938 0.559375 0.103125 0.109375
1 0.349219 0.494531 0.107813 0.107813
1 0.403906 0.431250 0.107813 0.118750
1 0.451562 0.407813 0.078125 0.087500
1 0.457813 0.471094 0.050000 0.054688
1 0.340625 0.615625 0.034375 0.028125
1 0.410156 0.644531 0.051562 0.039062
1 0.353906 0.707812 0.107813 0.115625
1 0.171094 0.724219 0.101562 0.107813
1 0.032031 0.704688 0.060937 0.090625
1 0.174219 0.854688 0.110937 0.109375
1 0.278906 0.875000 0.107813 0.103125
1 0.207813 0.985156 0.065625 0.029687
1 0.530469 0.906250 0.085938 0.090625
1 0.627344 0.938281 0.092188 0.089063
1 0.602344 0.988281 0.057813 0.023438
1 0.639062 0.758594 0.056250 0.070312
1 0.603906 0.628906 0.032813 0.057813
1 0.725000 0.306250 0.093750 0.078125
1 0.961719 0.067969 0.076563 0.089063
1 0.988281 0.114062 0.023438 0.075000
1 0.982031 0.354687 0.035937 0.081250
1 0.938281 0.364063 0.067187 0.071875
1 0.979688 0.438281 0.040625 0.095312
1 0.971094 0.625781 0.057813 0.051562
1 0.146875 0.062500 0.068750 0.075000
1 0.125781 0.017969 0.085938 0.032813
1 0.311719 0.237500 0.073438 0.068750
1 0.099219 0.500781 0.095312 0.107813
