1 0.453906 0.315625 0.101562 0.106250
1 0.326562 0.283594 0.106250 0.098437
1 0.314063 0.371094 0.109375 0.092188
1 0.416406 0.241406 0.089063 0.073438
1 0.265625 0.703906 0.087500 0.085938
1 0.483594 0.495312 0.092188 0.081250
1 0.582812 0.387500 0.100000 0.093750
1 0.553125 0.567969 0.071875 0.085938
1 0.799219 0.964063 0.104688 0.062500
1 0.985156 0.450781 0.026562 0.054688
1 0.818750 0.054688 0.081250 0.084375
1 0.763281 0.092969 0.070312 0.070312
1 0.198437 0.575000 0.059375 0.075000
2 0.728906 0.317969 0.067187 0.067187
