1 0.031250 0.064062 0.059375 0.096875
1 0.028125 0.626563 0.053125 0.093750
1 0.010156 0.552344 0.017188 0.070312
1 0.611719 0.964063 0.110937 0.071875
1 0.575000 0.867188 0.106250 0.103125
1 0.497656 0.753906 0.101562 0.104688
1 0.843750 0.742969 0.093750 0.107813
1 0.777344 0.678125 0.126562 0.100000
1 0.068750 0.977344 0.065625 0.045312
1 0.246094 0.874219 0.110937 0.110937
1 0.803125 0.882031 0.096875 0.082812
1 0.822656 0.975000 0.079687 0.050000
1 0.908594 0.376563 0.070312 0.071875
1 0.348438 0.320312 0.128125 0.103125
1 0.209375 0.212500 0.121875 0.096875
1 0.214844 0.114062 0.110937 0.103125
1 0.496875 0.067969 0.081250 0.070312
1 0.718750 0.120313 0.087500 0.078125
1 0.989844 0.814844 0.020313 0.076563
1 0.164062 0.036719 0.078125 0.070312
1 0.503125 0.847656 0.065625 0.082812
1 0.349219 0.719531 0.060937 0.067187
1 0.707031 0.454688 0.073438 0.075000
1 0.771094 0.258594 0.054688 0.076563
1 0.718750 0.229687 0.081250 0.078125
1 0.407813 0.010156 0.065625 0.017188
1 0.474219 0.930469 0.057813 0.054688
