1 0.033594 0.664062 0.064062 0.096875
1 0.055469 0.705469 0.082812 0.073438
1 0.157812 0.778906 0.084375 0.085938
1 0.191406 0.693750 0.070312 0.065625
2 0.658594 0.131250 0.104688 0.084375
1 0.678906 0.178125 0.098437 0.084375
1 0.279687 0.839844 0.087500 0.079687
1 0.241406 0.919531 0.089063 0.089063
0 0.979688 0.892188 0.040625 0.075000
0 0.984375 0.948438 0.028125 0.056250
1 0.924219 0.911719 0.082812 0.079687
1 0.951562 0.814063 0.096875 0.090625
1 0.851562 0.810937 0.084375 0.084375
1 0.785156 0.654687 0.085938 0.087500
1 0.899219 0.655469 0.060937 0.054688
1 0.957812 0.516406 0.084375 0.082812
0 0.948438 0.444531 0.059375 0.070312
0 0.992188 0.452344 0.015625 0.082812
0 0.983594 0.638281 0.032813 0.057813
