1 0.132812 0.229687 0.084375 0.090625
1 0.217969 0.239063 0.085938 0.078125
1 0.295312 0.265625 0.068750 0.071875
1 0.389062 0.246094 0.062500 0.064062
1 0.482812 0.252344 0.031250 0.045312
1 0.496875 0.034375 0.081250 0.065625
1 0.360938 0.023438 0.078125 0.043750
1 0.779687 0.346875 0.065625 0.071875
1 0.707031 0.335156 0.070312 0.073438
1 0.586719 0.360156 0.045312 0.051562
1 0.630469 0.422656 0.073438 0.079687
1 0.494531 0.503125 0.070312 0.071875
1 0.452344 0.514062 0.057813 0.065625
1 0.187500 0.474219 0.090625 0.085938
1 0.175781 0.645312 0.107813 0.081250
1 0.242969 0.708594 0.085938 0.076563
1 0.103125 0.746875 0.081250 0.071875
1 0.732812 0.502344 0.050000 0.035937
1 0.717187 0.538281 0.084375 0.067187
1 0.799219 0.535156 0.079687 0.082812
1 0.890625 0.642188 0.078125 0.075000
1 0.832812 0.761719 0.081250 0.070312
1 0.675000 0.804688 0.068750 0.065625
1 0.475000 0.951562 0.078125 0.075000
1 0.125781 0.853125 0.070312 0.056250
1 0.174219 0.871094 0.051562 0.057813
1 0.045312 0.971875 0.046875 0.053125
1 0.915625 0.886719 0.068750 0.079687
1 0.855469 0.915625 0.079687 0.078125
1 0.789844 0.853125 0.110937 0.100000
1 0.042188 0.333594 0.081250 0.057813
