0 0.829688 0.014844 0.093750 0.026562
0 0.962500 0.067187 0.075000 0.112500
0 0.816406 0.101562 0.092188 0.081250
0 0.625781 0.082812 0.079687 0.084375
1 0.611719 0.157812 0.076563 0.078125
1 0.550781 0.150000 0.048438 0.071875
0 0.692187 0.191406 0.059375 0.076563
0 0.953125 0.153125 0.084375 0.093750
0 0.985156 0.272656 0.029687 0.120313
0 0.965625 0.333594 0.068750 0.070312
0 0.871094 0.257031 0.039062 0.042188
0 0.817187 0.269531 0.084375 0.079687
0 0.695312 0.342969 0.093750 0.076563
0 0.747656 0.380469 0.092188 0.076563
0 0.588281 0.305469 0.054688 0.060937
0 0.603906 0.452344 0.101562 0.098437
0 0.482031 0.363281 0.054688 0.045312
0 0.492188 0.523438 0.068750 0.068750
0 0.517969 0.568750 0.060937 0.028125
1 0.428906 0.503125 0.082812 0.081250
1 0.427344 0.574219 0.064062 0.045312
0 0.504687 0.667188 0.071875 0.068750
0 0.357031 0.648438 0.098437 0.075000
0 0.534375 0.857031 0.106250 0.095312
2 0.446094 0.837500 0.073438 0.050000
0 0.392188 0.798438 0.084375 0.071875
0 0.240625 0.411719 0.068750 0.070312
1 0.157031 0.252344 0.057813 0.064062
