0 0.357812 0.146875 0.068750 0.071875
1 0.318750 0.199219 0.065625 0.073438
1 0.017969 0.333594 0.032813 0.070312
1 0.113281 0.461719 0.060937 0.064062
0 0.012500 0.771875 0.021875 0.046875
0 0.120313 0.885938 0.068750 0.075000
2 0.070312 0.902344 0.078125 0.092188
0 0.210156 0.753125 0.098437 0.100000
0 0.382812 0.828906 0.087500 0.092188
2 0.850000 0.984375 0.090625 0.031250
2 0.450000 0.671094 0.087500 0.076563
2 0.511719 0.489063 0.067187 0.071875
2 0.375000 0.537500 0.068750 0.059375
1 0.391406 0.443750 0.067187 0.053125
2 0.709375 0.501563 0.081250 0.084375
2 0.828125 0.632812 0.081250 0.081250
0 0.826562 0.414062 0.056250 0.075000
0 0.892969 0.364063 0.092188 0.093750
0 0.678906 0.213281 0.095312 0.092188
1 0.672656 0.350781 0.079687 0.082812
0 0.596875 0.298438 0.093750 0.084375
0 0.614844 0.059375 0.098437 0.081250
0 0.478906 0.795312 0.067187 0.081250
1 0.154688 0.589063 0.078125 0.075000
0 0.942969 0.140625 0.060937 0.068750
2 0.926562 0.098437 0.065625 0.065625
2 0.954688 0.016406 0.084375 0.029687
2 0.988281 0.879687 0.023438 0.053125
2 0.877344 0.041406 0.039062 0.023438
1 0.517969 0.107813 0.051562 0.050000
