0 0.569531 0.717969 0.082812 0.079687
0 0.590625 0.416406 0.078125 0.085938
1 0.467187 0.449219 0.078125 0.076563
1 0.488281 0.353906 0.089063 0.092188
0 0.379688 0.357812 0.090625 0.100000
1 0.546875 0.510156 0.071875 0.082812
1 0.601562 0.477344 0.071875 0.076563
1 0.211719 0.562500 0.104688 0.090625
0 0.082031 0.697656 0.095312 0.089063
0 0.047656 0.502344 0.092188 0.117188
1 0.125000 0.141406 0.096875 0.104688
1 0.380469 0.014844 0.089063 0.026562
1 0.323437 0.020313 0.062500 0.037500
1 0.353125 0.989062 0.096875 0.018750
0 0.545312 0.444531 0.062500 0.057813
0 0.634375 0.725781 0.056250 0.045312
0 0.660156 0.742188 0.073438 0.062500
0 0.366406 0.272656 0.054688 0.045312
0 0.288281 0.258594 0.045312 0.054688
0 0.041406 0.635938 0.070312 0.068750
