0 0.026562 0.263281 0.050000 0.076563
0 0.026562 0.336719 0.050000 0.082812
0 0.023438 0.589844 0.043750 0.067187
0 0.086719 0.702344 0.076563 0.082812
0 0.124219 0.742969 0.042188 0.045312
0 0.021094 0.971094 0.039062 0.057813
1 0.196875 0.862500 0.075000 0.071875
1 0.277344 0.960938 0.070312 0.065625
1 0.190625 0.944531 0.115625 0.092188
1 0.412500 0.821875 0.068750 0.071875
0 0.353906 0.842187 0.057813 0.056250
1 0.396094 0.892188 0.060937 0.065625
1 0.349219 0.902344 0.064062 0.067187
1 0.471094 0.632031 0.079687 0.085938
1 0.485156 0.981250 0.089063 0.037500
1 0.539844 0.867969 0.092188 0.089063
1 0.265625 0.071875 0.071875 0.068750
1 0.592187 0.539844 0.100000 0.110937
0 0.652344 0.481250 0.051562 0.046875
0 0.721875 0.530469 0.075000 0.042188
0 0.772656 0.677344 0.057813 0.070312
1 0.716406 0.613281 0.129688 0.117188
1 0.675781 0.338281 0.123438 0.095312
0 0.818750 0.160156 0.087500 0.098437
0 0.942969 0.100781 0.082812 0.095312
0 0.903906 0.153906 0.092188 0.101562
1 0.936719 0.032031 0.095312 0.060937
0 0.961719 0.186719 0.076563 0.085938
0 0.982812 0.241406 0.034375 0.060937
0 0.960938 0.269531 0.046875 0.054688
0 0.944531 0.301563 0.095312 0.115625
0 0.941406 0.388281 0.042188 0.048438
1 0.651563 0.790625 0.046875 0.087500
