1 0.781250 0.123438 0.103125 0.103125
1 0.695312 0.132031 0.078125 0.079687
1 0.603906 0.146875 0.082812 0.084375
1 0.428125 0.051562 0.096875 0.100000
1 0.436719 0.104688 0.082812 0.056250
1 0.396094 0.139844 0.064062 0.045312
1 0.075781 0.016406 0.057813 0.029687
1 0.101562 0.035937 0.081250 0.046875
1 0.092969 0.087500 0.051562 0.065625
1 0.110156 0.240625 0.085938 0.096875
1 0.772656 0.989844 0.104688 0.020313
1 0.578906 0.957031 0.076563 0.076563
1 0.382812 0.927344 0.096875 0.092188
1 0.503125 0.866406 0.040625 0.035937
1 0.503125 0.550000 0.062500 0.043750
1 0.485156 0.517969 0.079687 0.082812
1 0.486719 0.366406 0.098437 0.101562
1 0.408594 0.242188 0.089063 0.084375
