1 0.721094 0.898438 0.085938 0.081250
1 0.499219 0.832812 0.076563 0.084375
1 0.987500 0.722656 0.025000 0.073438
1 0.550000 0.600000 0.078125 0.081250
1 0.650781 0.652344 0.082812 0.073438
1 0.483594 0.655469 0.076563 0.076563
1 0.460156 0.710938 0.076563 0.059375
1 0.814063 0.559375 0.065625 0.078125
1 0.963281 0.426563 0.073438 0.078125
1 0.947656 0.296875 0.098437 0.084375
1 0.960938 0.225781 0.078125 0.089063
1 0.799219 0.316406 0.085938 0.092188
1 0.560937 0.272656 0.087500 0.085938
1 0.437500 0.089844 0.090625 0.079687
1 0.507812 0.037500 0.075000 0.071875
1 0.726562 0.095312 0.093750 0.090625
1 0.773438 0.022656 0.062500 0.042188
1 0.521094 0.077344 0.051562 0.032813
