0 0.321875 0.925000 0.131250 0.118750
0 0.457813 0.779687 0.125000 0.131250
0 0.453125 0.652344 0.118750 0.098437
0 0.251563 0.640625 0.112500 0.096875
1 0.197656 0.842187 0.135937 0.125000
0 0.575781 0.525781 0.098437 0.082812
0 0.525000 0.548438 0.075000 0.081250
1 0.165625 0.118750 0.115625 0.103125
1 0.297656 0.086719 0.120313 0.123438
1 0.625000 0.082031 0.140625 0.129688
1 0.753906 0.864062 0.092188 0.084375
0 0.697656 0.848437 0.089063 0.081250
0 0.896094 0.785156 0.095312 0.085938
0 0.963281 0.528125 0.073438 0.084375
0 0.907031 0.502344 0.089063 0.082812
1 0.679688 0.654687 0.106250 0.093750
1 0.922656 0.344531 0.092188 0.098437
1 0.898438 0.392969 0.084375 0.076563
0 0.864844 0.210156 0.110937 0.098437
0 0.846875 0.304688 0.125000 0.128125
1 0.119531 0.164062 0.067187 0.050000
1 0.160938 0.026562 0.078125 0.050000
0 0.494531 0.849219 0.073438 0.089063
1 0.695312 0.254688 0.093750 0.050000
1 0.779687 0.253906 0.062500 0.057813
1 0.611719 0.316406 0.092188 0.082812
1 0.456250 0.271875 0.078125 0.059375
0 0.964063 0.396875 0.053125 0.037500
0 0.853906 0.159375 0.089063 0.043750
