1 0.200000 0.264844 0.071875 0.092188
1 0.237500 0.264062 0.075000 0.081250
1 0.442969 0.360156 0.089063 0.085938
1 0.387500 0.378125 0.081250 0.090625
1 0.445312 0.642188 0.075000 0.084375
0 0.527344 0.624219 0.085938 0.076563
1 0.571094 0.774219 0.101562 0.101562
1 0.081250 0.664062 0.093750 0.093750
1 0.292969 0.892969 0.079687 0.082812
1 0.353125 0.779687 0.087500 0.090625
1 0.416406 0.712500 0.070312 0.065625
1 0.711719 0.908594 0.076563 0.079687
1 0.742188 0.112500 0.087500 0.081250
1 0.961719 0.220312 0.076563 0.068750
0 0.250000 0.775000 0.065625 0.059375
