0 0.446875 0.035156 0.093750 0.067187
0 0.522656 0.039062 0.089063 0.075000
0 0.529687 0.099219 0.037500 0.045312
1 0.552344 0.151562 0.070312 0.075000
1 0.743750 0.022656 0.103125 0.042188
1 0.200000 0.154688 0.065625 0.065625
1 0.050000 0.182031 0.053125 0.073438
1 0.988281 0.015625 0.020313 0.028125
1 0.932813 0.035937 0.043750 0.043750
0 0.782813 0.097656 0.093750 0.107813
0 0.786719 0.192188 0.085938 0.090625
0 0.922656 0.503906 0.076563 0.079687
0 0.960938 0.784375 0.056250 0.065625
0 0.678125 0.218750 0.103125 0.109375
0 0.716406 0.324219 0.117188 0.117188
1 0.675000 0.408594 0.100000 0.092188
1 0.471094 0.396875 0.076563 0.081250
1 0.405469 0.426563 0.073438 0.071875
1 0.505469 0.465625 0.073438 0.068750
1 0.321094 0.476562 0.073438 0.090625
1 0.209375 0.804688 0.078125 0.087500
1 0.597656 0.930469 0.079687 0.060937
1 0.050781 0.527344 0.082812 0.076563
1 0.150000 0.242188 0.046875 0.068750
0 0.478125 0.743750 0.056250 0.087500
0 0.116406 0.704688 0.076563 0.075000
