2 0.098437 0.321875 0.096875 0.081250
1 0.162500 0.424219 0.087500 0.082812
1 0.016406 0.440625 0.029687 0.084375
1 0.416406 0.350000 0.104688 0.087500
1 0.420312 0.254688 0.096875 0.090625
0 0.624219 0.362500 0.085938 0.100000
2 0.665625 0.355469 0.078125 0.076563
0 0.821094 0.443750 0.107813 0.112500
0 0.451562 0.550000 0.078125 0.096875
2 0.303906 0.421094 0.092188 0.085938
0 0.248438 0.564063 0.106250 0.093750
0 0.351562 0.570312 0.100000 0.103125
0 0.250781 0.637500 0.098437 0.075000
1 0.360938 0.660156 0.106250 0.089063
0 0.217188 0.768750 0.115625 0.109375
0 0.162500 0.628125 0.081250 0.078125
0 0.045312 0.982812 0.087500 0.031250
0 0.983594 0.921875 0.029687 0.103125
2 0.925000 0.841406 0.068750 0.064062
0 0.953125 0.774219 0.093750 0.092188
