0 0.364844 0.021875 0.101562 0.040625
2 0.237500 0.152344 0.093750 0.104688
0 0.161719 0.189844 0.060937 0.076563
1 0.314844 0.150000 0.073438 0.081250
1 0.577344 0.232813 0.060937 0.059375
1 0.590625 0.296875 0.065625 0.068750
1 0.476562 0.926562 0.100000 0.090625
0 0.852344 0.198437 0.095312 0.068750
2 0.843750 0.125000 0.081250 0.065625
0 0.775000 0.156250 0.081250 0.084375
1 0.937500 0.062500 0.068750 0.071875
1 0.839844 0.028906 0.079687 0.054688
1 0.703125 0.035937 0.075000 0.065625
1 0.739844 0.084375 0.079687 0.084375
0 0.537500 0.815625 0.059375 0.056250
1 0.096875 0.175781 0.031250 0.026562
