2 0.367188 0.597656 0.093750 0.104688
0 0.188281 0.819531 0.101562 0.101562
1 0.095312 0.810937 0.093750 0.090625
0 0.336719 0.803906 0.060937 0.092188
0 0.937500 0.062500 0.084375 0.087500
0 0.545312 0.249219 0.081250 0.082812
1 0.635938 0.250781 0.065625 0.073438
0 0.785937 0.148438 0.081250 0.084375
0 0.807031 0.211719 0.092188 0.079687
0 0.913281 0.362500 0.082812 0.084375
0 0.854688 0.384375 0.084375 0.090625
0 0.507031 0.612500 0.067187 0.087500
0 0.389844 0.521875 0.082812 0.087500
0 0.559375 0.617188 0.056250 0.062500
0 0.733594 0.624219 0.073438 0.067187
0 0.653906 0.805469 0.101562 0.101562
0 0.753125 0.789844 0.087500 0.082812
0 0.973437 0.896875 0.053125 0.096875
2 0.685156 0.871094 0.057813 0.057813
