1 0.281250 0.767969 0.109375 0.120313
1 0.220312 0.839844 0.112500 0.110937
1 0.653906 0.745313 0.117188 0.128125
1 0.685156 0.910156 0.114062 0.123438
1 0.764844 0.869531 0.120313 0.120313
1 0.751563 0.773438 0.065625 0.084375
1 0.417187 0.746094 0.121875 0.126562
1 0.417969 0.655469 0.101562 0.110937
1 0.322656 0.621875 0.120313 0.112500
1 0.469531 0.571875 0.107813 0.109375
2 0.546875 0.632812 0.093750 0.087500
1 0.602344 0.674219 0.085938 0.089063
1 0.691406 0.641406 0.117188 0.117188
1 0.643750 0.524219 0.115625 0.123438
1 0.430469 0.449219 0.104688 0.110937
1 0.511719 0.374219 0.120313 0.101562
1 0.573438 0.400000 0.093750 0.093750
1 0.671875 0.395313 0.090625 0.093750
1 0.571094 0.187500 0.092188 0.106250
1 0.509375 0.314844 0.087500 0.064062
1 0.663281 0.146875 0.085938 0.096875
1 0.656250 0.056250 0.075000 0.096875
1 0.728125 0.102344 0.090625 0.092188
1 0.998437 0.616406 0.003125 0.089063
1 0.968750 0.639062 0.059375 0.081250
1 0.988281 0.717969 0.023438 0.101562
1 0.957812 0.687500 0.084375 0.078125
1 0.954688 0.732812 0.071875 0.078125
1 0.803125 0.481250 0.081250 0.084375
1 0.509375 0.225781 0.065625 0.089063
