1 0.060937 0.462500 0.118750 0.137500
1 0.392188 0.249219 0.140625 0.126562
1 0.144531 0.260156 0.085938 0.107813
1 0.122656 0.068750 0.120313 0.112500
1 0.900781 0.821094 0.101562 0.110937
1 0.889844 0.896875 0.095312 0.087500
1 0.664062 0.902344 0.143750 0.132812
1 0.514062 0.828125 0.118750 0.115625
1 0.450781 0.895312 0.114062 0.131250
1 0.721094 0.704688 0.098437 0.112500
0 0.806250 0.721094 0.078125 0.092188
0 0.871875 0.709375 0.078125 0.093750
1 0.970313 0.408594 0.059375 0.117188
1 0.935937 0.593750 0.081250 0.103125
1 0.960156 0.012500 0.079687 0.021875
0 0.972656 0.039062 0.051562 0.046875
1 0.969531 0.096094 0.060937 0.067187
2 0.598437 0.109375 0.134375 0.125000
0 0.517188 0.589844 0.100000 0.110937
0 0.596875 0.578125 0.084375 0.112500
0 0.368750 0.574219 0.103125 0.107813
2 0.500000 0.426563 0.106250 0.109375
0 0.467187 0.064844 0.150000 0.126562
0 0.279687 0.467969 0.106250 0.101562
0 0.205469 0.608594 0.079687 0.098437
