1 0.112500 0.014844 0.078125 0.026562
1 0.184375 0.010937 0.071875 0.018750
1 0.253906 0.024219 0.079687 0.045312
0 0.199219 0.037500 0.064062 0.043750
1 0.428125 0.028125 0.071875 0.053125
1 0.500000 0.026562 0.081250 0.050000
1 0.767188 0.078125 0.081250 0.084375
1 0.714063 0.131250 0.081250 0.062500
0 0.968750 0.425000 0.062500 0.118750
0 0.968750 0.238281 0.062500 0.114062
0 0.713281 0.425781 0.039062 0.051562
0 0.755469 0.445312 0.092188 0.087500
0 0.970313 0.627344 0.059375 0.095312
1 0.898438 0.765625 0.100000 0.115625
0 0.746094 0.533594 0.101562 0.070312
0 0.760156 0.627344 0.039062 0.048438
0 0.355469 0.778125 0.073438 0.062500
0 0.414062 0.779687 0.065625 0.068750
0 0.406250 0.856250 0.084375 0.065625
0 0.333594 0.854688 0.057813 0.059375
1 0.456250 0.916406 0.093750 0.095312
0 0.660937 0.810156 0.084375 0.104688
1 0.021875 0.921094 0.040625 0.095312
2 0.937500 0.872656 0.081250 0.073438
2 0.981250 0.966406 0.037500 0.067187
2 0.866406 0.964063 0.107813 0.071875
0 0.817187 0.885156 0.100000 0.082812
1 0.627344 0.971875 0.070312 0.056250
