1 0.019531 0.109375 0.035937 0.075000
0 0.077344 0.186719 0.079687 0.073438
1 0.139063 0.249219 0.071875 0.073438
1 0.241406 0.064844 0.089063 0.085938
1 0.305469 0.171875 0.079687 0.081250
1 0.362500 0.230469 0.075000 0.067187
1 0.019531 0.961719 0.035937 0.076563
1 0.088281 0.974219 0.089063 0.051562
1 0.346875 0.982812 0.115625 0.034375
1 0.345313 0.701562 0.090625 0.084375
1 0.041406 0.595313 0.079687 0.081250
1 0.039062 0.489844 0.075000 0.082812
1 0.803125 0.964844 0.087500 0.067187
1 0.619531 0.800000 0.110937 0.096875
1 0.943750 0.763281 0.087500 0.082812
1 0.859375 0.641406 0.075000 0.085938
1 0.709375 0.603125 0.075000 0.068750
1 0.782813 0.470313 0.096875 0.093750
1 0.540625 0.156250 0.075000 0.071875
1 0.592187 0.213281 0.090625 0.076563
