1 0.032813 0.805469 0.062500 0.067187
1 0.035156 0.060937 0.067187 0.065625
1 0.271875 0.045312 0.121875 0.087500
1 0.642188 0.147656 0.087500 0.073438
1 0.463281 0.264844 0.117188 0.107813
1 0.354687 0.276562 0.106250 0.115625
1 0.156250 0.145313 0.128125 0.103125
1 0.158594 0.204687 0.110937 0.087500
1 0.377344 0.352344 0.104688 0.110937
1 0.473438 0.489844 0.071875 0.064062
1 0.382031 0.569531 0.092188 0.085938
1 0.542188 0.613281 0.084375 0.092188
1 0.924219 0.741406 0.082812 0.095312
1 0.579688 0.799219 0.084375 0.082812
1 0.858594 0.899219 0.098437 0.104688
1 0.983594 0.843750 0.032813 0.065625
1 0.863281 0.975000 0.057813 0.050000
1 0.189844 0.488281 0.082812 0.070312
1 0.764844 0.502344 0.057813 0.054688
1 0.719531 0.281250 0.076563 0.065625
1 0.894531 0.036719 0.076563 0.070312
1 0.688281 0.175781 0.029687 0.032813
1 0.797656 0.718750 0.060937 0.087500
1 0.492969 0.426563 0.070312 0.053125
1 0.145313 0.249219 0.065625 0.045312
