1 0.431250 0.270313 0.112500 0.093750
0 0.045312 0.214844 0.087500 0.095312
0 0.018750 0.496875 0.034375 0.090625
0 0.089063 0.485938 0.103125 0.090625
1 0.155469 0.602344 0.095312 0.092188
0 0.233594 0.766406 0.082812 0.064062
1 0.936719 0.587500 0.067187 0.087500
0 0.871094 0.676562 0.045312 0.053125
1 0.981250 0.250000 0.034375 0.046875
0 0.984375 0.128906 0.031250 0.089063
2 0.925781 0.046094 0.070312 0.067187
0 0.223438 0.012500 0.084375 0.021875
1 0.595313 0.587500 0.071875 0.062500
0 0.637500 0.656250 0.056250 0.050000
0 0.046094 0.675000 0.079687 0.037500
