1 0.121094 0.203906 0.089063 0.076563
1 0.148438 0.267969 0.087500 0.051562
1 0.225781 0.312500 0.064062 0.037500
1 0.179688 0.367188 0.096875 0.096875
1 0.085156 0.358594 0.092188 0.089063
1 0.121094 0.437500 0.089063 0.087500
1 0.147656 0.556250 0.039062 0.046875
1 0.178906 0.540625 0.064062 0.084375
1 0.091406 0.600781 0.085938 0.098437
1 0.013281 0.592969 0.023438 0.089063
1 0.118750 0.759375 0.090625 0.090625
1 0.106250 0.832031 0.078125 0.035937
1 0.017188 0.959375 0.031250 0.081250
1 0.192969 0.177344 0.076563 0.101562
