1 0.025000 0.811719 0.046875 0.079687
1 0.094531 0.830469 0.092188 0.095312
1 0.079687 0.590625 0.096875 0.100000
1 0.021875 0.584375 0.040625 0.093750
1 0.035937 0.411719 0.068750 0.089063
1 0.067187 0.439063 0.046875 0.053125
1 0.346094 0.280469 0.073438 0.073438
1 0.225781 0.482031 0.082812 0.092188
1 0.312500 0.504687 0.096875 0.081250
1 0.277344 0.552344 0.073438 0.067187
1 0.582812 0.435937 0.112500 0.109375
1 0.783594 0.341406 0.079687 0.064062
1 0.350000 0.614844 0.084375 0.107813
1 0.386719 0.643750 0.107813 0.090625
1 0.584375 0.670312 0.084375 0.093750
1 0.686719 0.578906 0.057813 0.057813
1 0.732812 0.628906 0.059375 0.085938
1 0.771875 0.622656 0.043750 0.067187
1 0.963281 0.694531 0.073438 0.104688
1 0.846094 0.719531 0.098437 0.064062
1 0.935156 0.908594 0.092188 0.098437
1 0.739062 0.867188 0.071875 0.075000
1 0.819531 0.892188 0.104688 0.103125
1 0.468750 0.754687 0.071875 0.093750
1 0.495312 0.932031 0.081250 0.098437
1 0.600781 0.969531 0.070312 0.060937
1 0.431250 0.909375 0.121875 0.121875
1 0.375000 0.872656 0.093750 0.098437
1 0.303125 0.885938 0.068750 0.087500
1 0.132031 0.532031 0.051562 0.035937
1 0.353125 0.357812 0.062500 0.046875
