0 0.017188 0.450000 0.031250 0.090625
1 0.479687 0.687500 0.081250 0.087500
1 0.532813 0.644531 0.071875 0.064062
0 0.032813 0.335938 0.062500 0.090625
0 0.523438 0.085156 0.093750 0.089063
0 0.554688 0.016406 0.081250 0.029687
0 0.658594 0.094531 0.079687 0.064062
0 0.685156 0.139063 0.076563 0.075000
0 0.934375 0.192188 0.090625 0.087500
0 0.912500 0.258594 0.084375 0.067187
1 0.814844 0.230469 0.082812 0.092188
0 0.733594 0.230469 0.054688 0.060937
0 0.668750 0.300000 0.100000 0.084375
0 0.942187 0.789844 0.115625 0.107813
0 0.750781 0.912500 0.095312 0.087500
0 0.714844 0.981250 0.092188 0.037500
