1 0.756250 0.972656 0.071875 0.054688
1 0.678125 0.964063 0.106250 0.071875
1 0.561719 0.869531 0.085938 0.092188
1 0.439063 0.853125 0.078125 0.062500
1 0.379688 0.974219 0.084375 0.051562
0 0.179688 0.866406 0.125000 0.095312
0 0.069531 0.745313 0.120313 0.109375
1 0.695312 0.770312 0.075000 0.096875
1 0.632031 0.752344 0.064062 0.073438
1 0.585938 0.717969 0.087500 0.070312
1 0.586719 0.578125 0.076563 0.075000
1 0.289062 0.571094 0.065625 0.057813
1 0.577344 0.382031 0.082812 0.079687
1 0.614844 0.395313 0.070312 0.075000
1 0.528125 0.389844 0.071875 0.073438
1 0.389844 0.268750 0.101562 0.093750
1 0.476562 0.246875 0.078125 0.075000
1 0.532813 0.252344 0.084375 0.085938
0 0.470313 0.176563 0.084375 0.078125
1 0.425781 0.075000 0.095312 0.084375
1 0.771875 0.169531 0.100000 0.079687
1 0.755469 0.076563 0.082812 0.075000
1 0.828906 0.052344 0.089063 0.082812
1 0.864062 0.109375 0.075000 0.081250
1 0.956250 0.025781 0.084375 0.048438
1 0.207813 0.024219 0.096875 0.045312
0 0.558594 0.789844 0.051562 0.060937
0 0.267969 0.253125 0.067187 0.062500
