1 0.303906 0.797656 0.079687 0.076563
1 0.170313 0.804688 0.071875 0.062500
0 0.144531 0.689063 0.095312 0.084375
1 0.166406 0.625781 0.089063 0.079687
1 0.143750 0.561719 0.087500 0.076563
0 0.326562 0.608594 0.090625 0.079687
0 0.103125 0.562500 0.056250 0.068750
0 0.175781 0.469531 0.089063 0.098437
0 0.380469 0.580469 0.073438 0.070312
0 0.366406 0.494531 0.092188 0.079687
0 0.462500 0.750000 0.075000 0.078125
2 0.157031 0.307812 0.085938 0.096875
1 0.246094 0.171875 0.076563 0.090625
1 0.162500 0.132031 0.084375 0.082812
0 0.026562 0.043750 0.050000 0.084375
0 0.818750 0.360938 0.090625 0.096875
0 0.709375 0.324219 0.087500 0.110937
0 0.815625 0.177344 0.106250 0.089063
0 0.757031 0.141406 0.079687 0.107813
0 0.518750 0.084375 0.106250 0.096875
0 0.453125 0.046094 0.087500 0.079687
1 0.406250 0.017969 0.096875 0.032813
1 0.409375 0.799219 0.062500 0.064062
0 0.956250 0.364063 0.056250 0.090625
0 0.935937 0.306250 0.050000 0.043750
1 0.675781 0.229687 0.089063 0.087500
0 0.291406 0.489844 0.048438 0.076563
1 0.216406 0.591406 0.051562 0.051562
0 0.293750 0.432812 0.037500 0.056250
0 0.249219 0.758594 0.064062 0.067187
1 0.086719 0.804688 0.048438 0.056250
0 0.338281 0.041406 0.051562 0.079687
1 0.118750 0.018750 0.081250 0.034375
