1 0.227344 0.133594 0.145313 0.123438
1 0.031250 0.256250 0.059375 0.118750
1 0.278125 0.317188 0.103125 0.090625
1 0.222656 0.361719 0.101562 0.107813
1 0.173437 0.574219 0.103125 0.095312
1 0.975000 0.734375 0.050000 0.078125
1 0.978125 0.597656 0.043750 0.110937
1 0.960938 0.599219 0.078125 0.114062
1 0.889844 0.612500 0.104688 0.106250
1 0.453125 0.458594 0.118750 0.101562
1 0.314844 0.610156 0.107813 0.095312
1 0.472656 0.315625 0.135937 0.121875
1 0.310937 0.214062 0.087500 0.081250
1 0.526563 0.205469 0.106250 0.110937
1 0.929688 0.378906 0.128125 0.101562
1 0.972656 0.130469 0.054688 0.110937
1 0.587500 0.000781 0.165625 -0.001563
1 0.528906 0.034375 0.167187 0.065625
1 0.750000 0.011719 0.112500 0.020313
1 0.991406 0.381250 0.017188 0.109375
1 0.173437 0.042188 0.096875 0.081250
