0 0.120313 0.886719 0.081250 0.079687
0 0.080469 0.854688 0.114062 0.125000
0 0.172656 0.499219 0.107813 0.123438
1 0.246875 0.519531 0.078125 0.101562
0 0.364844 0.369531 0.120313 0.120313
0 0.342187 0.460156 0.093750 0.079687
1 0.467969 0.475000 0.101562 0.096875
0 0.503125 0.603906 0.071875 0.098437
1 0.352344 0.631250 0.079687 0.078125
1 0.859375 0.067187 0.087500 0.112500
0 0.821094 0.092969 0.064062 0.107813
1 0.956250 0.077344 0.087500 0.117188
0 0.869531 0.233594 0.089063 0.139063
0 0.951562 0.211719 0.078125 0.082812
0 0.983594 0.401562 0.032813 0.096875
0 0.921875 0.468750 0.075000 0.084375
0 0.407813 0.393750 0.084375 0.121875
