1 0.146875 0.768750 0.087500 0.075000
1 0.085156 0.722656 0.089063 0.073438
1 0.017969 0.821875 0.032813 0.056250
1 0.012500 0.735938 0.021875 0.071875
1 0.566406 0.922656 0.064062 0.067187
1 0.564844 0.961719 0.085938 0.076563
1 0.404687 0.878906 0.087500 0.076563
1 0.266406 0.463281 0.079687 0.089063
1 0.601562 0.763281 0.096875 0.092188
1 0.718750 0.832031 0.084375 0.104688
1 0.655469 0.435156 0.073438 0.070312
1 0.478125 0.319531 0.078125 0.070312
1 0.400781 0.384375 0.070312 0.068750
1 0.588281 0.300781 0.070312 0.076563
1 0.752344 0.267188 0.060937 0.071875
1 0.692969 0.253906 0.060937 0.060937
1 0.827344 0.356250 0.067187 0.084375
1 0.946875 0.364844 0.059375 0.067187
1 0.983594 0.342969 0.032813 0.060937
1 0.749219 0.115625 0.098437 0.071875
1 0.823438 0.078125 0.075000 0.084375
1 0.882812 0.176563 0.068750 0.071875
1 0.939844 0.209375 0.070312 0.056250
1 0.878125 0.014844 0.068750 0.026562
1 0.972656 0.740625 0.054688 0.090625
1 0.594531 0.387500 0.060937 0.059375
