1 0.786719 0.056250 0.026562 0.056250
1 0.742188 0.053125 0.075000 0.071875
1 0.710938 0.080469 0.068750 0.057813
1 0.646094 0.074219 0.060937 0.060937
1 0.603906 0.121875 0.064062 0.065625
1 0.528906 0.095312 0.067187 0.075000
1 0.465625 0.060156 0.071875 0.070312
1 0.464844 0.017188 0.079687 0.031250
1 0.203906 0.136719 0.085938 0.082812
1 0.146875 0.103125 0.103125 0.093750
1 0.064844 0.139063 0.098437 0.078125
1 0.217969 0.221875 0.073438 0.090625
1 0.049219 0.224219 0.095312 0.082812
1 0.485156 0.297656 0.085938 0.073438
1 0.571094 0.277344 0.064062 0.060937
1 0.590625 0.384375 0.090625 0.084375
1 0.448437 0.421875 0.081250 0.084375
1 0.392969 0.677344 0.067187 0.060937
1 0.528125 0.700000 0.078125 0.071875
1 0.476562 0.817187 0.084375 0.087500
1 0.532031 0.942969 0.067187 0.085938
1 0.592969 0.962500 0.082812 0.075000
1 0.707812 0.966406 0.075000 0.067187
1 0.763281 0.942969 0.089063 0.067187
1 0.782031 0.754687 0.051562 0.056250
1 0.966406 0.946875 0.067187 0.071875
1 0.948438 0.983594 0.078125 0.032813
1 0.855469 0.987500 0.076563 0.025000
1 0.887500 0.865625 0.062500 0.056250
1 0.022656 0.516406 0.042188 0.051562
