0 0.965625 0.592969 0.068750 0.089063
0 0.897656 0.614062 0.057813 0.059375
0 0.820312 0.582031 0.118750 0.117188
0 0.792969 0.689063 0.098437 0.100000
0 0.809375 0.889062 0.100000 0.118750
1 0.873437 0.874219 0.053125 0.092188
1 0.910156 0.755469 0.070312 0.082812
0 0.588281 0.572656 0.104688 0.101562
0 0.506250 0.582031 0.103125 0.110937
0 0.467187 0.694531 0.093750 0.085938
0 0.357031 0.786719 0.085938 0.073438
0 0.245312 0.911719 0.046875 0.073438
0 0.349219 0.482031 0.079687 0.107813
0 0.370312 0.579688 0.075000 0.093750
1 0.476562 0.398438 0.090625 0.106250
0 0.582812 0.419531 0.100000 0.104688
0 0.742969 0.407031 0.064062 0.098437
0 0.692969 0.435156 0.107813 0.114062
0 0.503125 0.238281 0.100000 0.107813
0 0.578125 0.219531 0.050000 0.067187
0 0.646875 0.296094 0.081250 0.095312
1 0.782813 0.307031 0.084375 0.095312
0 0.361719 0.275781 0.060937 0.067187
0 0.669531 0.053906 0.085938 0.104688
1 0.946094 0.026562 0.060937 0.050000
0 0.950000 0.190625 0.100000 0.106250
1 0.895312 0.214844 0.093750 0.098437
0 0.398438 0.184375 0.043750 0.046875
1 0.953906 0.251563 0.076563 0.046875
