0 0.014844 0.180469 0.026562 0.067187
0 0.022656 0.081250 0.042188 0.071875
0 0.068750 0.215625 0.043750 0.075000
0 0.027344 0.265625 0.051562 0.087500
0 0.050781 0.299219 0.098437 0.114062
0 0.060937 0.469531 0.109375 0.082812
0 0.132031 0.347656 0.110937 0.098437
0 0.081250 0.392188 0.121875 0.115625
0 0.203906 0.352344 0.064062 0.104688
0 0.139844 0.205469 0.104688 0.110937
0 0.246094 0.220312 0.107813 0.112500
0 0.277344 0.131250 0.104688 0.093750
0 0.260156 0.053125 0.098437 0.087500
0 0.432031 0.123438 0.107813 0.109375
0 0.476562 0.044531 0.056250 0.039062
0 0.559375 0.090625 0.090625 0.103125
0 0.421094 0.300000 0.085938 0.090625
0 0.343750 0.351562 0.087500 0.103125
0 0.386719 0.442188 0.098437 0.090625
0 0.327344 0.495312 0.064062 0.096875
0 0.271875 0.500781 0.090625 0.082812
0 0.494531 0.420312 0.082812 0.078125
0 0.498437 0.499219 0.093750 0.095312
0 0.432031 0.523438 0.051562 0.071875
0 0.597656 0.592969 0.092188 0.095312
0 0.442188 0.621094 0.050000 0.085938
0 0.504687 0.653125 0.112500 0.106250
1 0.631250 0.757031 0.100000 0.092188
1 0.684375 0.850781 0.075000 0.073438
0 0.050000 0.725781 0.096875 0.101562
0 0.013281 0.765625 0.023438 0.084375
0 0.952344 0.153125 0.035937 0.043750
1 0.957031 0.256250 0.085938 0.087500
0 0.939844 0.978906 0.073438 0.042188
