1 0.225000 0.283594 0.075000 0.073438
0 0.282031 0.228906 0.089063 0.092188
0 0.339844 0.151562 0.089063 0.081250
1 0.142969 0.528906 0.089063 0.095312
1 0.066406 0.678125 0.070312 0.071875
1 0.109375 0.925000 0.106250 0.109375
0 0.410938 0.541406 0.093750 0.098437
1 0.540625 0.614844 0.090625 0.092188
0 0.692187 0.775781 0.081250 0.089063
0 0.575000 0.934375 0.084375 0.075000
0 0.660937 0.396094 0.093750 0.095312
0 0.822656 0.238281 0.098437 0.107813
1 0.942969 0.194531 0.070312 0.082812
0 0.975000 0.660937 0.050000 0.050000
1 0.399219 0.115625 0.089063 0.078125
0 0.575000 0.852344 0.090625 0.092188
0 0.404687 0.246094 0.062500 0.082812
