1 0.328906 0.862500 0.054688 0.068750
1 0.849219 0.732812 0.145313 0.131250
1 0.956250 0.623437 0.087500 0.128125
1 0.800000 0.585156 0.090625 0.095312
1 0.572656 0.566406 0.076563 0.070312
1 0.835938 0.439063 0.118750 0.103125
0 0.444531 0.247656 0.089063 0.073438
1 0.636719 0.019531 0.107813 0.035937
1 0.738281 0.025781 0.104688 0.048438
1 0.783594 0.117188 0.048438 0.062500
1 0.227344 0.109375 0.073438 0.068750
1 0.169531 0.224219 0.076563 0.070312
0 0.521875 0.257031 0.068750 0.054688
1 0.872656 0.367969 0.073438 0.098437
1 0.389062 0.795312 0.068750 0.056250
1 0.271094 0.836719 0.064062 0.051562
0 0.400000 0.475000 0.087500 0.071875
0 0.346875 0.360156 0.046875 0.089063
1 0.946875 0.809375 0.106250 0.084375
