0 0.066406 0.968750 0.110937 0.062500
0 0.346094 0.930469 0.104688 0.101562
0 0.884375 0.990625 0.100000 0.018750
0 0.953125 0.985156 0.093750 0.029687
1 0.341406 0.778125 0.092188 0.084375
2 0.211719 0.774219 0.092188 0.107813
0 0.533594 0.806250 0.104688 0.100000
0 0.594531 0.761719 0.114062 0.107813
0 0.688281 0.778125 0.104688 0.106250
1 0.528125 0.583594 0.084375 0.092188
1 0.471875 0.615625 0.078125 0.081250
0 0.941406 0.542969 0.085938 0.082812
0 0.078906 0.635156 0.060937 0.073438
0 0.464062 0.195312 0.112500 0.115625
0 0.397656 0.294531 0.095312 0.114062
0 0.486719 0.050000 0.129688 0.096875
1 0.215625 0.382031 0.096875 0.079687
